1000
41 98 74
58 90 100
63 74 95
89 99 82
44 60 67
94 30 1
82 35 76
25 69 7
46 60 87
46 71 15
20 71 63
76 82 99
7 34 65
72 69 8
21 99 3
78 3 72
38 8 35
64 20 30
87 63 16
6 54 76
99 95 91
32 60 75
34 92 69
8 47 90
90 77 46
85 96 27
23 7 39
11 69 57
71 76 48
71 83 38
49 34 10
71 35 27
7 84 22
41 12 92
20 98 70
6 54 76
6 56 93
21 1 14
85 7 21
70 15 34
2 35 88
38 10 22
8 88 1
96 100 18
47 85 3
45 58 33
1 23 57
8 58 1
66 25 14
91 2 12
9 10 84
9 78 90
40 87 59
100 27 67
82 89 7
0 71 40
8 31 78
5 4 81
36 64 15
97 18 34
27 61 19
30 17 52
51 22 21
66 16 67
6 10 20
34 29 29
4 99 54
21 61 42
24 81 77
41 31 52
23 35 44
1 87 71
34 78 66
52 79 95
65 81 74
43 9 84
48 62 3
41 32 82
10 34 81
66 92 12
78 28 94
94 7 87
22 75 38
65 89 98
53 66 72
48 100 7
70 87 37
83 39 80
6 53 79
35 35 60
13 63 44
15 90 92
59 19 85
12 39 71
45 3 87
31 11 66
88 17 98
7 79 5
16 58 42
37 3 58
30 64 33
18 13 17
64 38 29
33 6 28
33 29 79
37 29 63
0 20 25
82 87 30
92 82 14
55 71 46
22 20 89
98 87 25
11 99 88
63 53 74
90 37 82
91 5 25
31 9 91
56 35 42
99 99 99
25 47 39
15 28 37
35 99 22
57 85 91
54 12 86
53 80 34
52 27 3
55 3 20
7 21 17
55 94 47
48 64 69
86 33 83
7 83 47
96 97 9
99 92 60
34 44 91
11 32 65
32 74 85
90 76 61
55 55 17
38 3 52
66 69 9
87 21 91
60 98 27
3 82 67
77 41 62
53 89 74
56 84 29
23 65 87
98 80 87
48 55 54
69 82 83
63 47 47
92 100 81
58 58 81
58 12 24
55 48 15
6 57 10
20 39 43
4 64 27
44 95 98
100 74 54
84 75 56
79 6 20
59 83 100
50 42 68
69 62 92
45 24 72
68 76 65
22 64 65
91 48 60
4 92 13
67 83 21
1 45 6
26 26 94
54 84 77
19 59 93
52 91 16
92 80 87
29 16 45
37 2 41
66 26 38
21 60 67
32 71 93
79 91 11
4 11 83
37 26 33
79 74 13
4 45 66
67 19 16
30 94 18
23 74 80
53 86 23
68 63 40
66 30 100
86 15 32
36 93 63
83 53 23
50 20 90
34 72 48
52 72 19
5 19 45
25 54 15
10 33 21
100 89 96
86 25 64
85 67 94
42 35 78
55 82 52
13 55 55
60 4 61
13 69 20
94 11 37
57 66 7
0 30 70
66 96 69
16 53 10
48 69 67
61 18 70
42 7 15
28 37 95
77 23 24
3 83 27
82 97 70
20 73 91
93 73 82
37 21 1
82 47 46
80 2 41
73 94 45
83 45 78
98 13 29
18 89 10
7 29 92
72 36 27
96 74 56
82 77 39
75 63 74
64 76 28
65 77 76
9 70 2
71 59 9
13 62 69
11 78 3
98 85 38
66 20 11
38 18 100
48 46 58
70 44 46
72 96 80
62 86 17
27 65 77
51 61 55
67 1 56
75 9 23
82 19 81
87 20 40
98 100 65
38 87 35
16 88 96
25 65 34
41 9 44
86 14 22
16 46 80
48 86 21
14 10 10
62 46 1
13 17 1
89 42 1
10 22 75
10 32 14
23 21 97
52 29 5
52 71 98
29 71 99
35 97 48
51 39 32
82 56 91
93 61 47
20 46 23
69 25 52
96 23 79
41 88 72
72 45 65
28 11 21
55 80 45
36 65 62
57 53 73
84 18 41
32 77 66
56 56 52
13 66 1
38 15 17
93 24 72
17 8 18
37 33 85
49 37 81
63 4 15
77 18 99
33 70 76
14 84 31
66 98 21
23 68 11
100 97 2
31 46 91
86 82 81
0 89 69
16 81 80
89 48 41
75 2 67
56 91 37
57 58 89
26 4 85
54 7 5
99 61 22
15 81 62
64 81 11
65 19 26
28 88 81
56 65 95
83 41 63
21 66 14
4 38 5
67 58 20
58 86 97
74 3 72
49 35 2
72 82 11
84 26 67
35 71 80
65 70 12
19 25 7
65 77 89
97 7 12
58 27 76
18 66 28
52 33 14
34 74 94
48 48 69
37 43 86
13 62 100
39 72 57
91 63 85
38 92 85
26 20 90
4 47 1
48 52 2
34 5 87
1 73 59
69 26 21
34 72 75
28 96 15
30 83 16
64 85 30
2 96 76
67 45 84
47 66 45
73 81 29
37 33 18
35 72 76
92 33 47
100 1 1
91 61 19
22 54 16
85 85 34
84 90 42
46 26 68
33 20 79
51 32 31
38 13 28
25 68 86
11 5 82
44 35 57
60 38 13
23 3 100
48 19 14
46 74 16
57 59 38
55 82 21
53 48 15
89 84 47
8 64 34
34 85 73
100 55 38
2 42 20
99 41 62
96 31 25
20 18 1
56 48 75
12 98 95
14 89 2
99 8 69
84 1 80
77 83 58
23 7 57
61 58 61
7 62 58
62 57 13
49 42 78
12 83 57
20 28 98
6 97 77
44 26 6
61 53 3
79 6 30
44 27 57
66 17 16
3 8 88
87 37 94
19 38 41
40 67 34
15 72 4
52 68 7
87 78 17
35 16 42
51 76 26
25 55 35
76 87 22
14 81 78
84 38 75
16 35 59
57 38 52
98 57 37
43 89 76
41 97 37
37 17 62
37 62 67
41 48 10
55 2 71
86 98 75
100 84 31
94 62 11
95 23 15
53 76 77
61 85 22
67 89 59
8 92 17
29 36 86
16 11 38
77 21 90
25 23 43
84 24 17
34 21 80
19 32 19
84 71 12
8 44 91
56 82 23
87 47 83
97 44 64
38 20 36
10 19 4
61 34 14
91 74 34
100 23 20
70 59 36
23 7 3
23 100 5
6 37 12
57 41 42
77 83 32
21 89 97
10 22 55
37 59 59
87 63 13
81 79 13
13 78 5
69 77 100
67 43 16
28 9 52
78 12 41
75 52 73
99 70 27
88 93 40
5 42 25
75 71 84
88 40 84
90 58 66
84 74 99
100 89 76
7 95 21
81 88 84
85 73 70
39 81 80
5 97 10
63 93 100
94 29 22
64 96 55
54 28 31
56 57 34
80 60 28
17 52 13
5 47 9
21 84 62
14 19 22
17 81 100
0 15 62
90 48 65
47 25 9
50 66 61
18 57 73
42 4 54
73 67 79
15 14 85
84 40 70
69 11 77
18 28 91
47 27 41
83 77 98
18 82 44
29 11 42
33 55 85
87 37 36
38 68 94
78 28 15
12 100 82
73 91 41
12 71 89
31 80 31
98 23 27
17 24 45
55 77 36
95 21 59
74 92 31
37 13 100
87 12 14
16 39 79
24 26 19
61 11 61
47 92 81
42 12 84
85 86 56
59 72 79
77 76 20
23 89 93
86 41 9
23 1 19
13 47 81
72 53 57
52 79 8
90 67 82
33 17 14
30 57 67
13 15 75
1 81 66
55 84 13
85 71 33
11 45 47
6 23 99
55 98 32
30 44 90
14 78 60
34 38 11
48 59 23
46 83 61
35 68 35
5 36 8
94 24 53
79 13 6
96 55 72
68 88 5
23 70 19
27 23 13
54 36 40
71 81 41
12 7 78
36 87 6
95 62 96
86 54 55
18 75 8
10 5 43
73 41 26
59 8 29
57 75 18
94 30 67
48 21 33
27 97 67
37 73 10
87 15 84
61 63 52
83 15 78
40 32 40
36 54 38
95 11 94
38 18 74
67 48 15
67 12 75
13 98 74
100 66 13
30 64 56
73 81 87
19 41 36
16 81 32
62 46 8
6 45 79
67 45 63
43 72 63
16 58 27
11 72 92
34 59 57
72 73 82
84 63 23
90 16 86
33 61 4
47 66 68
39 42 75
100 87 47
73 29 39
67 88 33
24 100 35
0 68 90
63 42 23
89 8 11
91 9 77
59 75 48
83 27 46
24 89 95
56 43 8
70 72 24
47 12 95
93 81 97
84 93 54
89 11 13
36 67 58
70 25 2
56 44 57
60 83 20
17 73 94
76 58 19
28 14 70
13 15 91
42 62 90
5 98 52
1 23 28
70 91 100
95 59 36
49 73 97
3 38 18
60 24 94
78 84 95
99 62 71
95 20 58
30 86 56
73 32 97
60 87 90
3 98 22
41 87 80
76 70 22
11 30 40
10 72 100
62 48 83
91 86 32
74 83 52
58 16 65
97 82 93
10 86 69
94 75 65
19 54 59
51 16 84
54 8 62
61 6 25
33 35 34
27 23 72
54 84 33
9 67 98
4 78 15
93 40 71
42 58 87
54 18 72
92 10 71
50 69 97
2 21 41
49 11 58
54 98 4
75 18 61
71 8 8
20 60 5
22 21 46
64 88 26
59 43 87
17 42 4
64 16 62
35 9 73
19 90 69
74 35 78
45 38 11
51 65 58
79 94 60
15 100 82
23 5 33
100 60 84
15 48 19
53 5 47
32 15 55
39 12 84
10 37 85
2 57 53
55 83 24
56 83 72
28 75 45
51 46 69
58 36 22
100 91 95
25 12 74
2 59 23
62 44 84
10 38 38
20 41 6
48 100 27
42 93 80
7 25 48
58 63 62
31 83 25
65 83 43
0 10 42
7 52 70
34 10 100
4 42 74
100 89 79
27 39 58
65 39 45
8 67 44
22 89 58
60 2 68
73 9 85
47 71 80
14 46 40
50 96 59
36 32 85
97 10 17
24 29 11
20 62 88
95 52 21
42 33 8
55 68 37
87 81 48
99 35 58
0 57 27
11 10 80
47 8 15
42 93 63
19 23 85
56 22 38
56 6 32
91 10 57
80 94 17
84 5 4
91 77 4
71 87 7
73 100 14
16 10 4
57 76 70
44 88 41
28 46 55
44 33 42
67 68 52
77 46 25
59 60 85
4 57 29
45 19 56
58 99 46
25 40 82
29 2 60
40 9 35
76 86 17
41 67 73
5 66 37
92 3 36
1 54 73
62 17 79
71 28 11
28 100 1
80 78 67
90 70 34
55 32 37
19 95 1
62 17 11
44 31 91
84 30 23
73 94 6
75 40 70
27 86 68
100 31 11
0 55 55
17 63 22
92 55 47
98 4 46
33 44 96
25 2 9
60 86 100
34 66 96
40 29 19
24 57 9
25 25 97
50 22 62
59 22 76
88 98 52
96 80 66
79 67 41
63 75 34
94 6 97
57 71 100
83 56 97
29 25 59
82 86 16
83 88 33
36 86 34
75 76 37
12 59 63
4 79 33
0 33 60
49 78 52
49 79 11
100 91 18
31 11 98
0 54 4
43 54 4
50 58 100
52 69 42
73 6 68
49 97 30
59 30 95
82 45 77
97 81 53
54 31 99
0 44 99
38 55 3
75 97 59
93 26 48
1 42 57
44 7 12
13 64 42
52 56 84
0 27 62
16 97 9
2 86 38
95 11 94
30 15 68
70 88 73
2 77 57
29 90 66
74 35 91
85 74 65
43 82 18
0 32 79
20 14 88
75 55 81
95 85 18
33 58 9
35 57 4
20 11 46
94 30 5
78 92 39
68 82 88
98 69 74
34 9 32
98 96 13
19 67 40
28 43 83
19 80 12
90 69 60
20 94 40
16 48 34
43 86 20
16 20 13
44 19 7
40 31 94
55 94 1
16 96 54
69 18 21
93 62 100
77 28 9
95 61 13
51 36 99
53 3 4
51 26 61
42 91 58
13 35 36
35 62 33
34 16 89
40 5 31
75 46 17
14 59 83
74 77 38
91 10 23
40 58 61
74 32 16
35 29 87
42 67 14
48 16 37
63 39 40
100 18 7
41 62 75
47 32 85
97 44 60
38 86 11
91 41 56
25 24 95
38 36 53
53 70 66
17 43 82
84 32 46
88 27 3
42 13 34
6 27 73
86 92 88
70 35 42
30 25 5
83 98 82
61 11 30
75 37 68
88 56 9
88 55 34
93 5 46
4 47 5
89 37 94
81 69 83
92 4 28
84 69 3
57 61 15
55 37 9
73 66 59
35 64 17
62 59 95
67 73 45
34 14 7
37 54 52
12 72 83
56 87 92
0 20 21
16 43 68
100 33 89
25 43 2
19 13 36
85 70 9
96 44 13
22 61 99
70 67 75
7 55 85
38 13 25
43 99 74
17 2 33
6 26 84
53 100 79
30 60 84
32 46 61
39 62 19
97 10 91
11 83 30
96 10 58
74 86 76
99 91 5
0 39 48
50 22 86
8 59 6
28 53 36
28 1 34
90 93 62
5 100 52
77 75 10
96 67 6
46 100 80
78 31 43
79 12 10
73 44 1
9 3 8
52 58 41
23 24 41
22 41 17
55 4 97
7 55 65
61 89 91
51 34 61
63 38 11
74 29 63
96 23 25
54 69 77
34 98 65
12 55 55
87 40 57
29 21 89
87 5 14
21 80 63
47 88 70
83 77 15
22 2 57
25 74 22
93 91 57
32 14 83
97 14 17
19 87 86
36 22 35
38 2 57
24 98 37
79 69 11
51 57 31
56 30 6
21 81 30
30 74 67
56 92 59
32 27 27
25 63 58
