100
643253011 905413655
538701394 180762761
102140217 695137299
736405862 280094987
138002521 516548125
136756372 293322120
963526179 376852129
792561628 844880568
285888753 835461457
621280079 378578352
359844574 814977570
974816675 989888946
874269520 557273709
935568104 710892503
387119986 352026409
268894690 595788606
599356674 702873118
426503325 634512913
205432691 346519035
320897581 467473132
361925184 972581860
723365021 455776123
549863483 159414132
731650698 342752455
679050435 523698953
123515284 536993399
964137759 250014362
821074140 612297579
568944710 881250299
736400342 723862669
830080910 208055684
146710554 159904817
273025968 376654936
234019448 133470393
476084454 435767721
174557041 520158847
829689318 933558533
894701422 110848246
550306174 351516455
166641869 927892294
682210090 770461982
586968574 189835370
859698137 281692359
137443876 666761054
918580089 192989462
550703452 793734369
864015695 738932229
434060515 346199767
866033096 266940097
904809567 564668644
493376819 944118077
262314472 241792418
941410625 816220947
746680297 290821220
957023338 749342444
814300209 397578698
612764739 518183238
716565246 979954978
313796630 940232576
136503223 784858694
177785250 828561313
481374217 778843110
287639084 125872488
586588310 855019514
453121738 563204913
376027481 504073662
200887147 419717904
468778109 200193803
671812906 463133504
921313323 862603253
884629967 914668886
435870317 162134992
245579989 396513989
101840327 200621626
308498125 873465077
405807810 572282135
276721694 794266259
885808539 143685656
910959136 817478929
869227784 473911291
145953172 694557756
584654105 909367202
936000281 205271334
103670337 911663626
914007646 247380222
841269219 463304881
853213957 416081542
926443320 241733128
462469186 661923872
319490794 184886580
114834206 396114729
263770649 725416874
269961148 687943147
448422821 544321617
730527875 997904770
828432771 684484127
550819212 981932027
711909709 753659028
943144702 354861782
906634511 340237852
