100
1 1
540 600
840 900
2 0
900 1260
180 540
1 1
1439 1440
0 1
2 2
0 1
1439 1440
1438 1439
1 2
3 4
0 10
1420 1440
90 100
550 600
900 950
100 150
1050 1400
60 27
489 500
855 857
230 237
645 647
1 3
23 24
890 893
1200 1202
796 799
835 837
1037 1052
672 686
246 254
997 998
740 744
1250 1258
1392 1400
1236 1238
164 175
152 159
432 442
980 981
639 640
393 395
609 611
970 971
1171 1175
589 593
187 201
1205 1210
671 672
1338 1346
1306 1325
926 932
733 740
381 383
640 643
1274 1283
558 561
1193 1194
1202 1205
1231 1236
541 556
932 935
36 38
791 796
1272 1274
1305 1306
663 665
342 344
652 663
854 855
1264 1266
3 6
442 447
853 854
356 357
181 187
1230 1231
1378 1381
788 791
1258 1264
857 858
799 800
1266 1272
564 571
893 896
1408 1422
11 13
337 338
237 241
461 462
647 652
1246 1248
814 819
1213 1226
643 645
1407 1408
985 987
285 287
877 879
462 467
1085 1095
946 957
254 255
759 763
1384 1392
0 90
731 734
858 866
290 293
1087 1093
350 357
145 151
725 731
1341 1351
784 792
1150 1151
1351 1369
1022 1023
587 594
333 338
1321 1333
1069 1072
682 693
724 725
236 254
545 547
1237 1238
96 100
37 46
345 347
851 853
100 103
432 440
965 970
596 599
1085 1086
695 699
746 763
78 86
615 625
656 658
380 381
1006 1007
338 345
59 64
552 555
585 587
87 92
461 474
1147 1150
274 279
122 131
633 634
371 377
1123 1125
234 236
460 461
1042 1044
163 165
603 604
261 263
360 369
631 632
1299 1300
132 138
208 216
414 415
1371 1382
5 8
1151 1162
920 936
1105 1115
1338 1341
915 920
792 798
1013 1017
798 799
1168 1174
152 156
1 5
317 319
1044 1046
1079 1085
415 432
265 269
1130 1132
720 724
1333 1335
1319 1321
440 452
883 884
800 806
177 190
1382 1383
629 631
306 314
7 40
75 82
972 984
1295 1307
1015 1018
941 950
1184 1215
916 918
844 845
1215 1221
641 648
260 264
352 363
1378 1384
918 938
145 148
800 803
1065 1077
526 533
155 164
1033 1037
231 237
183 196
1435 1439
1439 1440
201 202
50 52
59 65
429 430
458 463
652 664
1254 1256
285 295
938 941
339 352
227 231
1352 1364
698 705
1176 1184
96 99
363 377
1040 1043
506 524
711 732
271 285
843 844
57 59
136 137
1 100
734 736
1187 1188
875 880
728 729
608 616
466 470
391 398
1028 1036
1036 1038
50 56
1433 1436
414 420
1295 1296
1298 1302
959 960
631 632
1325 1329
979 992
289 291
542 544
672 680
635 643
710 715
106 109
687 690
519 524
1248 1259
250 251
811 814
1099 1104
544 545
274 275
563 569
647 648
243 249
222 230
781 783
1076 1086
1109 1116
27 28
1174 1175
556 557
445 449
287 289
787 792
778 780
370 378
512 519
1426 1433
1106 1109
780 781
833 835
729 730
56 61
1275 1276
1195 1224
301 307
119 120
795 801
1066 1076
280 285
28 29
1356 1363
1164 1165
1013 1014
262 271
648 654
545 550
242 243
1148 1164
616 619
411 414
1055 1056
680 684
822 833
839 841
1165 1168
87 106
655 660
1262 1266
489 492
1014 1015
1318 1325
378 383
180 184
120 121
1344 1345
440 442
1416 1426
574 577
1188 1193
442 444
932 935
590 597
621 629
44 49
439 440
1086 1095
320 339
1290 1291
1329 1334
15 65
1060 1073
390 397
939 952
730 731
1207 1213
1044 1049
315 320
1035 1044
1073 1079
158 168
1000 1016
439 444
1290 1302
1028 1032
133 138
1325 1327
375 377
293 297
538 541
1250 1255
65 73
413 415
906 911
31 32
605 612
574 575
204 217
228 242
877 878
404 411
297 301
518 521
971 973
486 501
898 900
988 997
1240 1248
186 191
663 675
276 281
1392 1394
1016 1019
848 860
1090 1093
198 199
1436 1439
567 571
536 538
923 939
397 404
1304 1307
265 266
1233 1238
1360 1371
1213 1215
1155 1157
553 563
118 119
1079 1090
1401 1406
900 905
251 256
1140 1142
281 291
419 431
446 448
551 553
612 619
754 757
1255 1263
1132 1138
731 751
1373 1374
566 567
444 446
1439 1440
1145 1155
1175 1192
179 186
147 150
92 46
1249 1251
371 378
754 765
678 689
810 813
153 172
1235 1243
1118 1119
970 973
1251 1256
360 371
530 535
107 110
1113 1118
578 579
1294 1295
954 967
739 742
618 642
1054 1061
193 200
477 486
133 135
269 276
765 769
435 441
537 559
200 204
490 492
101 107
883 885
1166 1181
648 656
378 382
815 835
1031 1037
885 898
732 735
813 814
301 306
189 193
916 938
516 522
1301 1323
786 789
697 701
802 810
1154 1155
524 528
82 88
297 301
459 462
1438 1440
1101 1103
1181 1192
994 996
1335 1350
996 1000
251 269
6 9
135 137
472 476
871 874
1155 1166
1273 1290
25 38
52 53
1194 1203
1411 1418
946 947
356 357
1092 1098
689 697
560 571
1037 1046
1290 1294
232 244
1418 1422
1323 1333
579 581
522 524
706 712
349 356
88 91
1259 1273
571 578
784 786
150 153
789 802
276 283
814 815
1024 1025
974 988
327 349
1001 1010
10 19
905 910
1384 1393
674 678
1243 1249
19 24
703 706
898 905
949 954
1098 1101
992 994
712 717
75 82
735 739
844 871
603 618
535 536
38 46
1078 1085
24 25
583 584
137 150
742 754
306 308
1370 1384
1010 1024
1295 1301
286 292
46 50
1103 1113
204 215
476 477
1362 1367
382 404
462 470
91 101
1119 1131
53 58
967 970
470 472
1025 1028
988 992
914 916
61 66
14 20
122 130
500 518
770 775
543 544
641 651
294 296
427 433
1246 1277
228 229
2 8
1221 1229
805 808
218 220
685 708
1138 1146
1199 1200
735 740
1193 1199
1414 1423
206 207
1367 1373
1305 1307
1312 1316
787 792
448 456
464 478
657 659
69 70
165 172
1058 1063
714 724
348 350
10 11
824 826
1407 1414
1354 1358
130 148
248 294
708 714
539 542
620 627
53 54
826 827
367 369
8 10
1307 1310
1423 1434
222 224
344 348
397 400
980 987
844 855
544 555
102 106
77 78
1093 1103
745 748
796 798
436 448
640 641
185 200
1187 1190
478 485
240 248
224 228
966 969
555 556
306 307
148 153
570 581
96 99
20 23
489 500
44 53
969 972
23 28
765 770
1358 1366
1117 1134
99 101
601 610
1230 1231
956 960
875 888
113 114
419 420
1310 1312
1063 1074
792 795
994 995
925 932
819 824
333 334
734 735
888 899
916 925
556 557
974 980
408 418
748 765
1326 1354
1212 1221
350 358
834 835
724 734
153 165
1192 1193
317 321
314 316
1299 1301
11 14
1316 1326
1190 1192
900 911
798 805
972 974
1041 1058
202 204
1286 1299
400 401
557 565
323 333
610 617
54 57
360 367
38 41
90 91
1247 1252
420 423
638 640
343 349
792 794
1120 1121
1205 1215
30 33
1012 1017
871 872
1310 1325
721 731
145 156
1265 1267
858 863
349 357
446 449
49 71
139 142
794 800
850 851
1107 1109
981 998
734 735
1104 1107
1092 1096
1414 1420
1334 1336
828 833
965 967
1175 1188
602 607
371 373
284 293
71 75
114 118
964 965
1066 1067
490 493
328 332
1299 1301
1406 1414
1223 1226
99 107
1226 1230
243 257
532 533
543 548
1284 1295
1267 1271
257 261
127 132
440 446
332 333
1045 1048
1325 1327
1343 1345
217 223
1234 1244
1109 1110
593 594
480 485
607 610
1295 1299
132 139
693 696
1198 1202
774 775
194 196
76 82
735 750
1041 1042
27 30
844 848
523 532
229 236
307 317
17 18
1131 1147
820 821
91 99
363 365
576 589
75 76
1271 1279
489 490
118 122
533 535
754 773
710 715
293 307
33 34
1110 1117
6 7
956 957
373 392
172 180
34 41
864 865
485 489
967 973
848 850
112 114
939 941
408 420
457 463
973 981
1336 1343
1220 1223
1230 1234
1279 1284
773 774
476 480
780 782
1204 1205
610 611
851 857
518 522
1057 1058
392 396
1301 1303
941 954
613 625
208 217
1052 1054
750 754
1086 1092
274 277
200 201
82 91
800 802
821 828
41 46
18 20
236 243
625 635
1034 1041
1421 1428
683 691
142 145
7 17
1069 1071
640 644
901 912
46 49
1244 1247
840 844
594 595
574 576
954 956
26 27
1017 1030
898 901
1303 1305
1121 1131
436 440
935 939
715 716
691 693
669 678
1376 1400
493 507
542 543
1420 1421
595 602
261 270
548 562
696 699
126 127
644 650
569 573
1117 1120
196 197
863 864
1042 1045
207 208
928 935
857 858
783 792
1364 1369
1401 1406
44 21
271 285
251 254
192 219
448 450
1184 1189
687 712
166 167
534 555
651 664
1195 1198
615 623
250 251
484 486
778 790
970 982
757 758
1062 1065
352 362
583 590
832 833
1130 1153
1107 1114
54 58
998 1009
425 431
824 828
297 324
1079 1086
498 505
833 853
373 375
1418 1419
349 352
1099 1104
339 349
421 422
45 54
1378 1400
94 103
1334 1346
113 138
37 40
221 244
367 373
1230 1238
916 924
731 757
138 140
828 832
853 867
528 534
384 388
1332 1334
415 421
640 650
1198 1199
899 916
1321 1332
473 478
103 113
1268 1276
943 970
1346 1348
712 731
650 651
35 77
1260 1271
715 716
1175 1177
140 142
23 26
452 455
214 215
1389 1392
172 179
256 267
450 452
1114 1124
665 670
1168 1174
918 929
101 102
306 307
1425 1427
228 237
344 345
1177 1183
537 542
1158 1168
1051 1053
660 665
397 402
705 710
1379 1381
1004 1005
179 182
1069 1070
1153 1158
157 161
850 851
492 501
226 228
760 765
736 748
632 634
756 758
846 850
1387 1389
143 149
501 502
1097 1100
977 978
527 537
1241 1245
1174 1175
1439 1440
1229 1235
792 801
292 298
840 844
1132 1135
634 647
102 105
1214 1219
317 319
1381 1383
1321 1327
1100 1102
76 83
659 660
38 39
1427 1432
672 675
367 380
758 760
342 344
66 71
710 715
698 705
684 686
1275 1281
39 50
53 58
194 214
571 589
461 463
392 397
621 622
15 17
304 306
123 129
978 984
544 555
1378 1379
883 888
589 595
523 525
683 684
83 90
90 93
1005 1006
748 756
277 291
1224 1229
844 846
1303 1306
941 944
618 621
215 223
801 808
65 66
595 597
251 256
929 935
1351 1360
525 527
862 866
1337 1341
55 8
916 922
159 163
1342 1343
609 613
163 164
613 629
16 17
1227 1241
288 289
441 443
1012 1018
1044 1051
93 99
506 507
699 705
847 864
265 267
1090 1099
1060 1066
995 999
864 868
331 349
668 669
722 725
278 288
1418 1440
246 248
1082 1090
568 577
820 824
961 968
1158 1160
1299 1303
1188 1191
81 89
448 494
1360 1368
1343 1359
649 656
1187 1188
727 769
1177 1187
928 932
89 93
826 828
529 536
1334 1336
248 254
353 374
1039 1041
1203 1211
1374 1386
1051 1060
868 874
153 159
289 293
421 422
606 609
349 353
1127 1137
1041 1044
1368 1372
705 706
3 36
959 964
1338 1342
745 751
545 572
499 500
286 360
1199 1200
397 399
814 837
976 1011
129 162
658 660
793 811
751 792
660 669
279 286
1256 1283
921 926
1342 1348
127 129
926 946
170 195
1096 1113
648 653
399 420
1113 1152
15 51
1432 1440
866 915
857 864
420 428
1193 1199
500 513
1152 1191
946 959
162 163
236 244
1064 1071
1191 1193
35 24
1045 1068
448 450
318 322
46 50
503 506
955 974
292 318
1102 1124
852 855
847 852
1369 1370
1075 1097
871 874
820 821
603 605
209 222
1352 1363
677 744
450 486
367 391
1376 1383
495 503
1124 1137
858 859
1004 1026
1370 1376
175 191
855 858
1031 1045
1295 1297
583 599
1026 1031
988 993
253 271
616 633
222 248
903 908
514 516
900 901
447 448
1072 1075
1277 1295
633 672
557 582
287 292
506 514
50 51
993 1004
1383 1386
124 125
1408 1415
42 44
391 395
112 124
874 883
908 926
69 97
516 523
492 495
50 8
1299 1311
23 33
197 202
333 337
1009 1041
684 700
1311 1330
17 23
49 86
734 739
830 833
824 830
1244 1246
1350 1357
491 524
38 49
359 375
1330 1331
833 871
646 655
296 299
728 730
214 231
180 197
295 296
1134 1143
959 972
1400 1411
589 601
97 138
904 919
327 333
972 990
940 945
375 377
1041 1089
786 794
939 940
669 684
1111 1117
813 824
472 486
1117 1124
999 1009
1295 1299
147 156
202 205
548 589
1253 1269
730 734
1246 1253
1099 1100
1331 1350
1227 1244
1269 1295
156 175
524 532
486 491
2 0
10 360
1080 1430
27 59
1085 1094
978 979
26 36
966 978
1382 1407
641 643
1117 1141
537 541
1047 1052
420 426
288 305
831 838
619 636
1052 1060
784 785
1420 1422
187 190
275 280
636 641
203 222
140 170
66 73
7 11
1060 1068
11 14
646 650
248 253
371 378
502 516
194 203
527 537
1199 1200
866 867
1349 1350
130 136
497 499
1429 1440
1021 1027
325 327
1200 1214
398 402
1359 1378
50 57
327 333
25 26
567 568
1010 1021
655 656
409 420
190 194
1159 1161
87 90
36 39
1164 1169
654 655
48 50
692 693
426 430
1027 1047
232 238
1179 1184
830 831
1008 1009
568 573
1107 1113
679 691
650 654
755 760
695 700
643 645
824 830
1378 1382
714 730
524 527
1276 1298
244 248
305 306
136 139
57 65
14 25
170 176
39 48
364 368
1350 1359
745 755
1141 1159
94 62
720 742
1150 1156
753 761
29 31
686 687
361 373
799 803
1109 1112
882 894
834 838
772 775
908 913
50 55
981 982
1142 1145
1301 1306
1181 1194
1397 1416
236 251
1007 1009
641 649
992 1001
1052 1065
377 378
1164 1177
717 720
194 199
658 673
316 320
866 871
302 311
590 591
599 601
689 698
826 834
489 493
152 161
1177 1181
556 561
47 48
71 74
1256 1262
199 202
1235 1239
1278 1282
1024 1028
1049 1052
378 381
561 574
501 502
426 446
401 404
502 504
205 236
574 590
263 286
715 717
1438 1440
251 258
464 465
775 799
812 816
66 71
687 689
1014 1024
1306 1317
601 616
932 948
1388 1397
616 633
1028 1049
761 771
381 382
1121 1126
202 205
1339 1346
591 598
396 397
1253 1256
34 47
633 638
460 464
846 854
1431 1438
1001 1002
1282 1301
1319 1338
466 477
258 259
894 905
312 314
1002 1007
948 950
1239 1242
1065 1075
974 981
465 466
841 846
1353 1365
954 974
397 401
1161 1164
820 826
810 812
1277 1278
838 841
259 263
905 908
64 66
286 289
404 405
673 674
31 34
520 555
446 460
373 377
1426 1431
149 152
742 753
1338 1339
698 701
816 819
1139 1142
871 882
1128 1129
1234 1235
1194 1229
808 810
405 419
1107 1109
16 22
674 675
1229 1234
118 143
161 190
1104 1107
477 489
638 641
1317 1319
1262 1265
982 992
928 932
27 29
771 772
1120 1121
1089 1096
311 312
675 686
1012 1014
382 396
649 658
143 149
950 954
854 866
115 118
819 820
20 79
1284 1286
73 74
1335 1337
1033 1035
564 566
576 584
1412 1423
300 302
726 746
1151 1160
1035 1036
746 748
979 982
459 467
548 551
357 360
1019 1029
326 329
12 24
1280 1284
714 717
791 794
1393 1395
1319 1324
1313 1319
876 877
1085 1087
251 259
247 251
774 782
552 558
1268 1272
596 607
588 590
903 905
1053 1065
543 548
1365 1367
976 977
354 357
1127 1130
920 923
848 857
467 469
1395 1400
292 296
857 860
11 12
833 847
214 220
860 873
1196 1200
349 350
374 389
830 832
1173 1176
877 878
725 726
329 332
535 543
1166 1173
930 936
428 430
1265 1268
789 791
352 354
584 588
1066 1078
1372 1376
71 73
1290 1293
1180 1194
1360 1362
894 895
478 479
48 55
121 126
1200 1215
302 309
120 121
573 576
309 317
200 202
144 165
878 885
246 247
434 439
231 246
1367 1372
1405 1406
1286 1290
521 522
637 644
530 533
888 894
1016 1019
1400 1405
907 914
397 402
25 48
122 126
375 391
913 918
167 178
856 875
551 552
1109 1118
808 810
708 717
1077 1095
960 962
1214 1229
421 435
1358 1362
54 71
453 455
1436 1437
939 943
467 483
920 934
663 666
25 35
1423 1428
934 939
1428 1436
604 610
1151 1165
126 130
816 831
888 897
485 493
312 323
1368 1383
1351 1358
493 494
178 252
1118 1119
875 880
970 984
52 54
17 25
717 723
810 816
1048 1076
1278 1284
723 730
258 264
1403 1412
562 577
5 17
301 308
786 808
85 90
435 440
1199 1212
522 551
391 395
831 852
141 143
943 960
880 882
292 295
882 888
1229 1252
252 253
264 274
666 677
1290 1325
680 686
500 506
325 329
440 453
655 663
34 86
596 605
609 613
924 935
374 376
949 957
1357 1368
82 89
400 403
120 122
113 116
1154 1161
1409 1415
695 702
1219 1233
546 552
350 354
704 705
1148 1151
764 779
1204 1213
851 854
1430 1433
1117 1127
837 842
1425 1428
524 526
825 828
1152 1154
1193 1201
299 301
683 686
77 82
343 346
318 324
702 703
152 156
552 557
1433 1436
122 129
459 462
1018 1020
823 825
215 225
864 867
211 215
854 861
1398 1409
363 364
286 289
580 585
75 77
1143 1144
165 178
1246 1251
842 843
1031 1034
711 712
309 310
935 947
1241 1246
589 596
11 23
1387 1392
34 59
693 694
334 335
686 693
1274 1283
1269 1270
1042 1046
1320 1321
260 264
1201 1203
707 711
270 275
1130 1133
1424 1425
412 421
694 695
678 683
712 714
669 670
753 764
1384 1386
241 260
1292 1297
1139 1143
1299 1314
843 851
410 412
1429 1430
717 741
898 899
1007 1008
61 67
448 452
23 34
1099 1103
816 823
292 293
476 487
1436 1440
984 996
275 286
1167 1173
643 646
1213 1219
670 672
1163 1167
264 270
1260 1262
354 363
1423 1424
324 334
349 350
1340 1357
1008 1018
812 816
443 448
453 459
67 52
1185 1193
454 458
922 930
692 695
1353 1363
206 208
1136 1137
780 781
756 759
1046 1047
1342 1344
793 794
900 903
815 819
728 731
1195 1196
575 578
641 644
794 795
122 125
1012 1013
679 680
827 843
2 11
208 210
1218 1226
843 846
1069 1077
1301 1302
909 918
67 70
143 155
781 782
11 14
307 312
977 983
305 307
1232 1241
1119 1136
1322 1330
527 535
720 722
224 227
759 766
31 34
242 249
264 274
108 119
1019 1026
1099 1100
755 756
418 421
668 673
227 236
421 427
296 297
1181 1183
933 935
70 83
1432 1437
274 275
1137 1145
544 547
27 31
119 122
1382 1395
564 574
409 410
1150 1156
958 959
1421 1426
1426 1429
623 641
964 965
1254 1256
1369 1374
204 206
1410 1421
1059 1062
458 464
414 418
14 20
766 772
1008 1012
1374 1382
992 997
190 196
1208 1211
1302 1310
1038 1043
22 25
898 900
935 957
1196 1208
920 922
778 779
1276 1281
1168 1171
1294 1301
703 711
1026 1027
930 933
373 376
510 527
1013 1015
711 716
413 414
1429 1431
496 499
1098 1099
819 823
132 143
557 564
983 988
499 510
183 190
106 108
1086 1087
752 755
100 100
545 546
912 921
921 923
305 310
366 369
250 268
524 530
839 841
480 494
523 524
535 545
863 867
903 905
23 37
1189 1190
494 500
773 774
1417 1419
109 120
706 717
1322 1326
592 598
315 317
861 862
1091 1096
454 460
854 861
88 90
905 906
501 506
348 352
1150 1155
1419 1425
923 925
764 773
1233 1235
951 967
1190 1191
1335 1338
1041 1049
1177 1188
100 103
50 51
1016 1022
403 411
70 73
747 748
187 193
173 175
321 323
177 178
843 845
277 286
51 61
374 377
932 948
1049 1062
722 727
827 832
948 951
411 412
245 249
1332 1335
197 201
967 987
166 173
222 226
780 785
1212 1218
744 747
153 156
1124 1131
870 874
61 62
1304 1306
1155 1164
925 926
270 277
813 820
369 370
750 755
434 436
665 674
226 240
1218 1228
1395 1397
698 701
420 434
546 552
294 305
1131 1137
178 187
136 144
377 390
310 315
1066 1091
201 215
643 662
555 557
1170 1171
719 722
1033 1038
412 420
1191 1192
785 789
103 109
125 126
1368 1389
506 514
394 401
1204 1212
676 698
175 177
520 523
471 476
741 742
73 84
163 166
1285 1287
552 555
1274 1285
1235 1247
990 1013
806 810
152 153
636 643
1122 1124
1366 1368
240 242
121 125
1096 1103
242 243
557 558
193 197
144 148
332 340
514 520
460 462
1347 1360
732 735
1137 1150
906 912
317 321
148 152
703 706
1425 1437
841 843
742 744
926 932
621 636
530 535
1297 1304
867 870
834 835
1171 1177
1292 1297
289 294
598 601
1107 1122
1437 1440
674 676
563 565
7 8
662 665
891 903
126 128
755 764
1027 1033
1062 1064
845 854
565 582
268 270
1228 1231
128 131
1202 1204
1231 1233
789 796
90 100
1251 1255
323 327
476 480
1318 1322
1064 1066
342 348
558 563
8 13
820 823
620 621
1022 1027
1397 1401
1192 1196
62 70
156 160
436 444
585 592
601 620
444 454
1247 1251
1188 1189
796 801
59 79
624 628
813 814
314 316
844 852
520 524
395 399
1177 1178
1189 1191
805 808
874 877
152 162
6 8
984 988
8 15
1079 1082
1298 1302
134 136
1348 1355
188 194
1403 1414
724 731
836 844
1238 1242
524 530
823 824
908 909
306 314
1106 1112
1368 1369
208 209
581 584
804 805
45 54
1158 1169
250 256
180 186
414 415
1371 1392
673 676
988 992
789 792
225 226
816 823
917 920
753 757
390 391
852 854
1172 1174
1206 1223
1347 1348
391 394
982 984
686 694
419 429
61 64
347 353
1254 1258
783 786
1438 1440
1356 1360
676 677
38 39
890 901
29 38
833 836
928 934
1193 1195
1112 1119
415 419
667 670
562 570
95 112
677 681
319 322
713 718
1281 1293
353 360
788 789
613 620
1414 1416
371 373
1191 1193
379 383
620 624
169 180
39 45
1098 1100
15 21
256 270
979 982
758 762
438 441
406 409
808 809
962 979
814 815
1416 1417
1302 1307
904 908
1243 1250
132 134
1327 1329
1100 1102
1279 1281
1369 1371
1250 1254
1297 1298
1085 1086
1421 1423
201 208
1050 1058
112 122
226 230
294 295
1329 1330
584 590
373 377
194 195
607 613
1337 1347
83 95
765 780
825 832
217 219
284 288
64 65
21 28
809 813
637 638
1086 1096
1032 1036
533 536
162 165
322 335
742 753
270 278
1355 1356
531 532
0 2
1080 1440
11 361
1 45
733 735
856 864
770 771
138 141
424 429
1190 1194
952 955
1197 1199
295 296
374 380
1199 1201
1094 1100
721 733
472 486
798 802
335 337
287 291
1159 1163
1431 1440
15 29
832 834
749 752
646 653
702 703
1132 1142
1074 1081
392 396
158 187
1163 1190
338 339
1319 1322
247 248
1158 1159
372 374
499 501
1348 1355
1212 1218
211 212
913 918
193 205
291 295
30 50
1142 1157
735 746
1301 1305
1271 1287
53 31
271 274
1285 1286
1155 1157
702 707
1417 1440
262 266
656 663
1386 1387
1286 1288
422 425
653 655
1178 1189
1268 1269
446 447
1032 1055
819 830
414 420
1336 1341
566 567
33 34
794 795
1202 1203
1408 1410
846 851
1379 1382
1237 1242
408 409
447 449
428 432
543 560
1139 1140
730 731
639 653
655 656
1288 1294
887 891
138 141
449 455
1396 1397
1342 1348
1282 1285
1296 1303
925 927
184 190
141 152
234 260
615 616
100 105
579 580
1171 1178
691 702
583 586
1121 1128
30 33
76 88
629 635
1204 1212
896 901
731 735
119 127
1410 1417
1363 1373
1096 1102
357 367
1128 1130
927 929
2 29
322 337
932 935
780 787
988 998
1071 1077
1387 1396
455 457
1089 1096
787 789
1130 1138
1242 1268
1333 1336
614 615
807 811
678 691
876 879
266 271
4 52
1237 1239
1157 1160
67 69
946 949
949 955
338 340
836 838
1160 1166
707 709
356 357
774 776
430 432
1061 1064
804 818
204 208
1330 1331
864 869
169 182
585 598
1196 1200
406 421
709 719
706 707
1138 1146
392 397
853 864
620 647
1056 1061
647 657
63 67
252 263
245 252
696 706
301 303
1074 1076
473 519
1313 1321
1082 1094
153 169
344 345
182 187
659 688
217 228
1278 1298
340 344
1064 1074
869 875
121 153
119 121
77 104
208 217
920 946
1301 1303
1377 1401
21 22
1018 1020
63 93
624 631
835 836
213 224
1117 1134
666 669
497 498
238 248
13 14
1295 1298
759 769
179 208
1229 1242
231 235
572 577
748 759
87 92
743 748
457 459
781 786
258 270
1087 1091
255 258
1376 1378
924 938
33 35
387 396
554 564
1077 1083
443 452
295 301
1148 1158
23 30
1 4
498 500
208 213
409 441
1357 1358
725 735
676 678
646 660
852 861
631 637
964 971
301 316
716 719
80 83
452 457
1298 1303
1183 1187
714 716
441 443
176 177
971 973
1303 1312
1358 1360
35 40
955 957
316 334
1096 1100
595 602
938 943
396 404
985 990
719 725
1313 1318
495 497
52 62
1105 1109
404 406
229 231
175 176
1382 1392
384 387
1036 1042
660 661
62 63
804 823
377 384
914 918
1109 1114
235 238
681 694
577 579
92 93
943 948
21 22
552 554
173 175
661 662
894 911
1254 1255
357 360
1091 1096
63 66
1031 1036
990 999
602 609
1197 1200
466 484
703 705
30 33
741 742
827 835
1052 1069
770 779
1312 1313
613 614
353 356
954 955
953 954
1428 1440
1027 1031
1364 1369
1272 1295
46 52
1020 1022
93 107
779 780
836 839
107 108
287 291
579 585
19 21
67 80
678 681
861 868
742 743
1375 1376
669 676
488 493
1134 1148
344 353
339 344
120 128
842 852
1247 1249
1360 1364
108 120
406 409
282 287
273 280
1022 1027
1378 1382
780 781
1398 1404
128 134
1042 1051
362 373
1242 1247
459 466
356 357
1404 1424
15 19
134 137
1192 1197
1114 1117
56 18
925 928
1405 1414
834 852
1438 1440
391 393
573 574
366 369
884 888
1358 1360
261 262
491 492
189 190
643 644
766 769
1179 1185
854 868
420 421
244 248
56 58
900 912
540 543
236 239
61 70
352 363
24 26
70 72
437 438
1385 1389
1002 1011
1039 1043
743 747
175 181
644 648
724 727
530 533
868 871
778 781
1389 1394
273 291
940 946
334 335
123 130
632 641
555 562
429 433
673 690
1433 1438
1274 1276
563 566
58 61
580 584
718 724
587 608
1050 1051
460 465
243 244
877 882
1298 1309
339 340
1427 1431
340 347
740 742
363 366
239 241
1417 1427
36 38
248 256
1202 1209
217 233
934 940
753 760
690 695
928 934
1022 1032
15 80
356 361
423 426
1134 1141
933 937
1218 1222
323 330
394 395
158 160
931 932
1307 1320
278 280
1295 1307
1151 1153
925 929
838 854
1141 1145
972 974
517 538
255 260
745 750
167 183
260 261
441 445
334 338
754 774
291 298
261 263
694 695
1292 1294
658 674
107 114
236 248
135 143
1228 1241
1095 1097
408 416
990 1001
1320 1330
492 497
25 33
632 638
105 107
426 428
131 133
432 438
1084 1085
483 484
1077 1084
7 21
916 925
584 594
497 500
1432 1433
377 387
583 584
395 398
197 199
1353 1363
332 334
1189 1191
854 858
1278 1282
1117 1123
416 423
248 255
1068 1077
956 970
717 720
734 743
1222 1223
1378 1380
695 702
569 579
1288 1292
1001 1010
938 939
302 307
405 408
653 656
539 540
1223 1227
455 461
970 972
900 916
78 80
563 569
1285 1288
183 197
221 223
774 779
1227 1228
830 838
361 369
899 900
510 516
55 90
1415 1424
137 143
591 594
125 126
1374 1375
1035 1044
12 14
457 458
642 643
560 562
1182 1190
608 612
724 725
499 500
77 78
1383 1387
1206 1207
1176 1179
1347 1355
500 502
1056 1059
1289 1291
324 335
1326 1329
276 288
147 149
1074 1075
1026 1031
41 43
789 790
598 603
871 880
91 94
1210 1212
725 746
1075 1078
1016 1022
580 584
779 784
199 205
8 9
1140 1150
338 343
640 641
49 54
223 232
765 766
1179 1180
1311 1317
353 360
107 121
146 147
455 457
766 769
364 369
1154 1165
493 498
957 962
1334 1335
696 699
73 77
1088 1090
1397 1399
802 804
1097 1099
360 364
671 674
988 996
316 317
19 24
302 308
838 845
72 73
1071 1073
335 336
660 661
1212 1214
594 595
65 67
188 192
962 978
603 608
1207 1209
1251 1262
308 313
166 167
809 810
1338 1341
67 70
951 957
129 131
6 8
1331 1334
14 16
1387 1397
796 802
346 353
1152 1154
1274 1279
590 591
428 431
825 826
459 463
684 686
143 146
709 710
1168 1175
173 180
1094 1095
337 338
206 208
219 223
1317 1326
43 47
1403 1404
887 889
30 33
706 707
794 796
1015 1016
122 125
1335 1337
33 41
48 49
1150 1152
502 507
710 722
265 267
1022 1023
1090 1094
381 392
1175 1176
1120 1125
1433 1440
288 290
656 658
584 590
528 538
544 560
1232 1242
88 91
236 238
160 166
699 705
149 151
25 68
862 864
114 117
570 576
661 662
154 164
1061 1063
614 615
404 405
1107 1111
370 388
1180 1182
1201 1213
176 195
170 175
587 590
216 217
311 324
1337 1339
1036 1046
388 390
1438 1440
103 104
952 964
409 416
1192 1194
567 568
771 773
610 614
1176 1180
1348 1351
442 446
97 101
416 417
987 996
493 496
1046 1048
518 525
1331 1337
1414 1420
1355 1356
997 1031
1424 1436
713 715
754 758
905 906
820 822
303 311
545 549
4 14
1094 1106
888 891
590 591
852 862
354 359
1356 1357
525 545
324 340
796 797
1182 1185
281 288
792 794
551 567
916 917
906 909
932 933
446 464
964 965
1053 1056
581 587
101 102
847 851
1083 1085
703 705
615 622
851 852
690 691
1214 1219
133 137
684 690
636 637
288 291
909 914
1306 1314
871 878
405 409
632 636
1185 1186
864 868
1175 1176
17 26
568 570
1281 1284
1085 1086
65 76
997 1003
854 866
277 288
288 306
476 479
587 591
656 662
1338 1340
374 379
1129 1141
1201 1207
259 260
909 911
19 36
975 997
740 743
223 237
255 259
646 656
1309 1311
36 43
1233 1242
1423 1424
831 854
638 646
123 132
1330 1332
237 247
1207 1221
866 868
1268 1274
1242 1248
1327 1330
954 957
811 831
1311 1315
385 390
508 514
903 905
10 11
1099 1100
98 103
1340 1346
1336 1338
631 635
195 196
482 484
397 416
704 713
1267 1268
1141 1159
1284 1298
260 262
1325 1326
1274 1277
635 638
801 811
474 476
1277 1278
1409 1410
62 70
957 967
466 474
1232 1233
739 740
418 426
1038 1039
1424 1433
79 86
315 329
426 428
775 783
1223 1232
874 879
43 45
247 255
1349 1350
783 786
1320 1325
1306 1309
1096 1099
1187 1192
371 372
751 765
607 631
60 61
868 874
942 954
45 49
1326 1327
574 587
86 87
262 277
479 482
967 974
186 195
1433 1440
314 315
334 335
901 903
697 704
974 975
879 881
428 441
888 901
379 385
146 158
1196 1201
691 697
1003 1027
132 146
1354 1386
931 935
61 62
905 909
213 214
1278 1284
370 371
1386 1405
352 365
169 186
1298 1306
1352 1354
365 370
1159 1182
1418 1423
1405 1409
881 888
443 466
1182 1187
335 345
484 488
935 942
103 113
1417 1418
345 347
514 574
350 352
158 160
601 607
1221 1223
65 38
1074 1081
146 155
303 316
1161 1162
834 839
400 412
448 454
947 954
175 207
1008 1011
459 463
454 457
1350 1358
358 370
70 94
665 668
229 234
155 158
58 62
1006 1008
412 413
871 893
110 114
399 400
656 665
1156 1161
1358 1362
852 854
1374 1379
945 947
419 424
637 644
768 772
966 969
1200 1203
431 436
1298 1302
1058 1060
1060 1061
577 590
851 852
1011 1014
270 272
387 389
1199 1200
1362 1364
159 162
865 871
370 387
4 16
295 298
1014 1019
917 933
1019 1021
1031 1032
644 646
1224 1225
164 172
1032 1034
1219 1224
207 212
316 325
1345 1350
833 834
994 1006
496 508
557 558
697 706
1090 1103
471 477
331 337
528 531
1132 1133
436 447
463 471
212 229
457 459
1185 1199
942 945
1130 1132
1065 1074
1235 1238
590 598
1383 1427
119 132
327 331
158 159
389 399
646 656
602 614
1162 1172
1138 1156
1302 1305
731 749
796 827
1305 1321
903 904
413 419
551 557
1047 1056
234 246
1120 1130
1325 1328
100 100
1316 1320
190 194
762 770
273 285
658 663
481 490
1053 1056
1254 1259
1221 1241
634 641
711 716
83 97
618 633
220 225
299 320
832 833
1393 1406
1364 1384
547 551
857 858
1043 1048
770 772
1268 1276
440 472
978 988
1122 1124
1286 1291
385 387
1352 1355
540 547
663 668
1411 1412
1336 1345
1087 1089
997 1006
1012 1032
499 504
1124 1135
324 333
1066 1072
673 678
1048 1053
941 947
504 521
1345 1348
1159 1165
1413 1440
855 857
1141 1150
1264 1267
426 436
826 827
1208 1215
1006 1007
670 673
827 830
858 865
74 76
199 200
490 492
23 25
1333 1336
25 27
1348 1352
474 476
598 599
1153 1154
656 658
78 80
577 596
151 164
1309 1310
108 109
388 411
165 171
1392 1393
904 906
116 123
1008 1012
691 694
563 577
225 231
1215 1221
412 415
830 832
67 74
1310 1311
51 55
948 967
1355 1358
633 634
685 691
251 264
641 646
200 202
367 370
143 151
1032 1034
177 182
1036 1043
182 188
415 420
1320 1321
114 116
27 37
1358 1364
5 23
1182 1187
1154 1159
233 235
801 819
720 721
529 540
58 64
947 948
1072 1076
772 773
1307 1308
288 299
472 474
599 600
103 104
967 976
104 108
1187 1188
558 563
865 874
1059 1062
776 777
841 854
171 177
936 941
335 343
1076 1087
646 656
123 129
1315 1316
323 324
235 251
906 915
874 876
716 720
882 883
608 618
1241 1251
188 190
97 100
1150 1153
1406 1411
988 997
1188 1208
597 598
164 165
777 786
551 554
705 711
600 607
554 556
976 978
438 440
480 481
231 233
130 139
320 323
343 364
129 130
722 762
37 45
387 388
607 608
1311 1315
1412 1413
1276 1286
920 923
264 273
45 47
370 385
492 493
411 412
525 529
285 288
109 114
886 904
1390 1392
1089 1110
1251 1254
1332 1333
694 705
668 670
218 220
1 5
790 801
55 58
833 841
80 83
1034 1036
497 499
76 78
420 426
596 597
86 59
332 333
970 977
778 786
964 965
679 682
1392 1396
543 552
1224 1226
1139 1140
402 403
968 970
1165 1190
1302 1311
702 708
1262 1267
199 201
324 332
267 273
184 190
1211 1214
1349 1355
876 905
264 267
346 368
857 859
110 126
708 738
1214 1217
472 474
1434 1438
825 831
370 399
1217 1224
452 456
859 861
1137 1139
1226 1233
1240 1248
669 679
906 917
1092 1096
583 595
1034 1041
595 602
41 48
1056 1090
525 526
7 16
642 650
1418 1434
985 994
48 49
154 169
1355 1360
570 583
273 275
88 103
499 525
441 446
1340 1349
994 1009
487 493
526 528
1207 1211
567 570
404 408
451 452
432 437
607 618
83 88
289 303
126 148
626 633
493 499
1156 1165
738 740
283 289
1405 1408
1029 1030
82 83
552 556
315 317
333 341
984 985
368 370
256 259
169 179
1438 1440
931 935
977 983
1256 1258
1363 1371
480 485
602 603
808 811
1052 1056
103 110
311 315
474 480
1132 1137
1258 1262
792 808
935 964
776 778
462 463
1233 1240
1254 1256
403 404
150 154
259 264
1311 1315
1190 1197
853 857
1376 1379
1144 1146
845 853
831 845
556 567
439 441
399 402
1096 1128
179 184
1408 1418
665 669
437 439
16 20
905 906
275 276
1396 1399
633 634
635 642
1379 1392
49 76
814 820
1399 1405
276 283
1128 1132
233 256
1318 1328
528 543
1299 1302
1090 1092
201 205
463 472
408 416
65 4
719 727
515 527
96 104
1295 1299
240 244
247 250
1140 1150
450 451
1201 1206
38 43
753 757
1137 1140
808 822
589 603
323 324
995 998
933 937
496 497
238 240
742 750
1040 1041
1160 1165
927 931
1368 1375
953 955
790 796
1047 1050
1303 1306
150 153
1343 1345
289 298
955 984
1207 1234
113 129
998 999
177 189
1206 1207
6 12
1106 1112
1172 1182
1238 1239
367 376
1259 1264
769 773
167 175
1338 1343
1188 1192
641 644
984 991
189 191
1150 1160
430 431
822 879
1306 1318
351 354
350 351
133 139
1067 1073
1236 1237
1408 1413
1192 1201
376 392
1006 1016
197 201
274 289
1413 1440
401 420
47 58
548 550
96 85
300 301
1271 1275
902 905
485 487
193 200
57 64
97 98
624 625
1242 1245
695 696
111 119
266 267
602 608
188 190
1236 1242
176 177
571 572
950 951
226 230
797 798
794 795
954 965
511 519
1220 1225
1006 1011
999 1004
1390 1391
1326 1327
651 654
258 261
1133 1136
201 202
948 950
1210 1211
1286 1294
1302 1304
866 872
718 722
667 668
349 351
105 107
818 823
1067 1081
788 789
119 120
1372 1379
996 999
202 209
884 891
1196 1201
785 788
572 574
873 882
432 439
919 920
1122 1127
430 432
190 192
1004 1006
1317 1318
478 480
891 895
747 765
415 419
91 97
696 699
1327 1337
453 457
1011 1020
992 996
71 74
1090 1093
480 483
781 784
834 835
1366 1372
200 201
823 825
1207 1210
799 802
859 864
765 771
1066 1067
1402 1404
1179 1180
240 242
1152 1153
905 909
543 548
21 25
565 566
1278 1279
701 704
354 355
1022 1023
341 342
1270 1271
986 992
1318 1322
554 560
883 884
1142 1149
9 16
278 284
284 298
830 832
882 883
1404 1416
1024 1026
1081 1084
1299 1302
129 132
211 216
966 984
439 440
274 276
1211 1216
713 714
225 226
953 954
99 103
1379 1380
832 833
1337 1343
1229 1236
210 211
784 785
230 235
620 621
1304 1306
530 536
835 836
912 913
984 986
37 38
465 468
337 341
1343 1347
582 586
310 316
352 354
849 850
440 441
1136 1142
177 180
798 799
270 272
601 602
1258 1259
16 21
901 902
920 937
707 712
1093 1101
857 859
1020 1021
1360 1366
1028 1050
107 111
725 732
648 651
1180 1187
43 49
850 855
519 530
1276 1278
505 511
243 250
64 65
487 505
298 299
140 146
378 387
261 266
1153 1162
441 449
608 620
397 399
155 157
833 834
157 161
48 84
23 41
1361 1362
1075 1081
41 48
1400 1405
11 12
1040 1042
804 813
341 344
1003 1005
602 631
968 972
725 730
1007 1013
1247 1255
48 50
3 7
282 285
928 944
846 853
855 859
1031 1040
450 451
376 378
7 11
12 14
317 333
998 1003
1053 1065
369 374
685 696
1181 1195
224 236
696 705
185 193
374 376
276 282
1044 1046
1287 1313
672 673
1090 1093
423 434
1408 1440
710 717
1065 1067
1023 1031
1210 1213
1013 1015
1237 1247
333 341
1083 1090
1130 1139
801 804
717 725
1195 1202
259 265
1019 1023
1005 1007
1275 1278
461 483
1046 1053
451 461
270 272
1377 1400
745 760
881 886
650 672
1213 1228
893 894
236 244
400 418
1368 1377
948 965
1042 1044
173 185
838 846
631 648
859 881
1286 1287
673 685
1114 1128
536 572
130 136
1316 1344
1405 1408
292 317
244 245
648 650
1172 1177
886 893
422 423
1168 1172
733 737
1278 1286
1362 1368
205 222
730 733
272 276
1233 1237
443 444
853 855
148 168
382 396
434 439
444 450
601 602
705 710
222 224
248 259
1128 1130
483 498
1360 1361
593 599
515 536
440 443
344 350
585 590
378 382
285 292
1202 1210
590 593
818 832
1344 1358
975 998
14 23
1081 1083
171 173
577 581
944 948
575 577
168 171
503 504
100 100
22 23
82 83
452 456
555 561
9 22
751 762
401 414
681 683
327 332
845 846
616 625
817 827
1171 1178
735 742
626 629
214 218
202 203
634 636
1360 1362
205 209
1079 1094
1344 1345
1381 1384
938 940
629 632
144 162
536 542
315 324
952 954
686 687
980 985
961 962
846 849
39 51
1415 1417
732 733
699 700
162 168
1377 1381
337 341
969 971
273 275
182 183
369 375
907 914
425 427
637 645
833 836
451 452
894 899
1021 1029
570 571
325 326
648 649
183 190
1029 1033
925 927
130 131
954 961
34 39
275 280
265 272
366 369
1316 1327
1427 1432
1362 1365
816 817
613 616
950 952
414 425
600 601
1419 1425
649 654
500 503
394 400
1327 1329
363 366
880 883
456 457
172 182
102 104
1396 1406
32 33
690 693
439 451
77 82
748 751
1386 1387
506 507
169 172
51 54
1304 1305
488 492
326 327
941 943
1271 1272
827 831
299 306
839 845
1094 1096
832 833
968 969
525 536
428 432
700 705
914 915
1293 1299
261 265
1417 1419
1129 1153
250 251
1191 1198
218 222
899 907
272 273
1230 1234
993 998
1198 1216
804 808
878 880
1387 1396
1235 1236
236 240
75 77
1352 1353
944 946
1308 1316
1178 1191
24 31
831 832
988 993
571 577
962 968
687 688
392 394
946 950
915 916
625 626
544 555
1045 1051
1239 1240
706 719
1040 1045
1099 1102
569 570
71 73
916 921
313 315
1153 1164
67 71
940 941
683 686
222 233
636 637
347 352
462 466
352 362
280 290
564 567
290 294
1006 1007
203 205
1051 1059
921 925
341 347
542 544
601 613
688 690
1216 1227
883 886
58 63
853 855
466 472
809 816
1365 1370
517 525
1164 1171
873 878
927 936
253 261
1305 1308
872 873
5 6
1236 1238
1255 1263
1229 1230
855 866
672 681
726 727
472 478
978 980
733 735
1329 1338
742 748
808 809
663 672
1406 1412
1033 1040
298 299
381 392
2 0
1079 1429
10 360
58 78
1157 1160
1268 1277
479 480
1068 1069
343 358
964 976
704 729
150 153
654 656
338 343
625 626
1408 1413
195 243
754 762
1172 1174
1266 1268
411 413
534 536
1419 1440
430 431
1103 1112
302 319
319 328
1387 1397
982 989
703 704
257 259
626 629
1124 1137
336 337
897 898
77 82
434 447
332 336
536 551
1069 1070
1147 1157
179 187
1194 1195
168 170
1277 1278
1413 1419
1028 1036
995 1001
586 589
1278 1299
129 140
960 963
504 522
976 982
42 43
153 155
170 179
424 427
1397 1400
748 751
1060 1062
82 108
427 430
1082 1087
695 703
790 816
1314 1324
1331 1337
729 740
480 491
963 964
243 257
773 779
273 284
1160 1170
1244 1246
1113 1118
1039 1045
816 817
72 77
656 678
1213 1219
746 748
503 504
763 764
1192 1194
563 575
740 746
1070 1082
43 49
762 763
54 64
1137 1147
1195 1210
622 623
1087 1103
1174 1181
1112 1113
431 432
24 29
491 503
49 54
1170 1172
1360 1372
1181 1184
993 995
1299 1314
187 195
413 421
1372 1381
140 150
624 625
522 534
1381 1382
264 269
64 72
378 390
954 960
764 773
1118 1124
1382 1387
358 378
589 599
623 624
817 844
421 424
559 563
473 479
1219 1244
337 338
694 695
599 616
1008 1027
294 301
551 559
898 905
575 583
259 264
1062 1068
1400 1408
37 20
497 503
632 659
1222 1229
1438 1440
982 988
1083 1092
600 618
716 722
1333 1350
524 535
145 147
596 599
174 181
257 288
722 730
144 145
730 743
75 82
156 169
491 497
677 694
47 70
551 566
169 174
216 222
213 216
475 481
288 309
549 551
1009 1018
222 228
1229 1244
1407 1438
566 582
230 235
235 257
440 453
1099 1115
1018 1034
503 520
181 183
183 190
988 992
585 596
147 156
190 196
1277 1307
202 213
109 132
1244 1277
228 230
1214 1222
13 19
711 716
949 959
1034 1064
992 1009
0 100
165 171
560 570
1169 1180
696 697
1019 1026
778 779
177 215
1322 1323
1303 1304
1261 1263
98 103
660 664
501 506
785 786
306 308
260 280
654 657
96 98
259 260
3 9
467 474
1369 1371
859 862
1088 1096
888 891
953 960
910 917
1358 1359
482 493
534 536
940 949
732 736
1206 1208
984 986
1263 1264
9 10
250 259
601 602
1374 1381
10 12
951 952
75 93
855 859
295 306
949 951
1260 1261
1071 1072
93 96
685 686
64 66
1143 1155
1325 1326
635 644
1073 1081
606 608
322 323
1181 1188
286 291
226 230
116 123
372 373
979 984
479 481
617 625
664 667
538 548
432 436
103 109
1240 1247
175 177
1357 1358
439 443
870 878
625 631
443 450
394 401
1226 1239
864 870
495 496
143 145
548 558
338 341
711 719
1430 1434
682 685
898 910
1247 1256
418 419
40 47
1027 1031
115 116
1407 1424
952 953
887 888
34 38
631 632
370 372
450 461
341 344
964 965
72 60
923 930
549 556
692 697
556 557
714 726
198 199
364 365
1234 1242
1162 1166
1073 1074
307 311
8 21
377 380
657 659
957 960
1404 1406
253 260
290 304
86 89
214 222
1360 1366
766 769
53 57
1079 1088
1329 1332
490 496
445 446
1219 1232
881 884
1076 1077
1160 1162
1053 1057
173 176
415 419
152 153
385 387
211 214
817 820
227 228
1174 1178
304 307
284 289
399 404
673 682
193 194
1173 1174
666 669
1065 1066
852 862
207 208
222 225
862 864
910 918
1024 1027
177 179
1341 1343
1324 1325
1057 1060
392 394
365 369
1023 1024
437 440
118 128
631 646
930 938
1247 1251
1111 1119
1077 1079
1178 1180
1119 1122
529 530
697 706
963 967
1391 1397
1411 1415
225 227
382 383
571 572
731 737
229 232
876 881
1211 1219
1129 1136
515 528
708 714
1337 1341
528 529
1048 1053
769 772
572 583
337 338
444 445
1417 1420
1334 1337
374 377
601 606
187 188
194 198
1366 1367
72 84
779 782
328 335
884 888
199 202
772 776
901 907
324 328
1180 1182
440 444
413 415
1433 1434
1158 1160
419 437
188 192
1028 1030
106 107
1060 1064
1406 1411
338 341
820 832
566 567
794 796
48 52
1431 1432
664 666
1294 1303
1267 1270
646 650
466 483
243 252
89 90
176 177
90 37
1425 1428
31 36
1328 1332
1180 1185
832 835
1368 1377
1408 1412
249 255
671 683
258 263
397 404
493 499
1428 1430
1033 1035
404 407
1305 1328
1138 1153
1288 1291
697 699
875 880
185 193
509 520
182 185
1250 1260
975 988
499 509
174 176
631 656
1035 1036
656 662
1089 1094
544 547
1392 1395
1153 1161
280 283
1038 1039
200 206
25 31
1419 1420
1433 1440
1072 1082
206 222
377 387
712 715
1430 1433
742 748
795 798
328 331
1166 1177
22 25
1039 1041
529 535
718 724
79 112
569 581
874 875
1165 1166
163 174
847 872
1007 1011
748 775
699 706
776 782
222 226
666 671
596 597
1082 1088
692 697
1291 1295
839 847
145 156
1350 1368
193 200
1417 1419
1213 1219
1135 1137
1332 1350
1235 1242
1201 1205
1011 1019
564 569
622 629
471 478
1003 1007
11 22
1395 1396
872 874
1378 1392
1177 1180
629 631
350 361
802 803
991 1003
536 544
1065 1066
1108 1114
242 249
683 692
43 79
1096 1106
803 809
361 363
239 242
1041 1065
363 377
448 466
1242 1250
1196 1201
988 991
1036 1038
140 145
1137 1138
176 182
1377 1378
8 11
706 712
794 795
112 120
724 732
775 776
283 320
255 258
407 412
226 239
814 832
436 444
422 436
50 50
714 717
625 664
452 473
1147 1148
664 679
157 164
244 255
1230 1233
727 728
1400 1408
772 779
205 210
1295 1312
847 848
134 138
1163 1169
33 38
574 584
212 216
558 560
1039 1041
1322 1333
1233 1242
1172 1183
687 708
400 413
98 131
1363 1379
308 343
1202 1211
56 59
233 244
6 9
3 6
14 19
19 31
584 585
1018 1039
378 379
1388 1392
476 495
210 212
198 203
998 1004
956 961
755 772
449 452
59 75
995 998
1153 1159
424 449
733 735
89 95
473 476
413 424
1073 1075
749 755
379 381
990 995
679 683
194 198
138 157
398 400
1211 1222
685 687
80 82
361 374
1169 1172
1103 1147
176 187
570 574
1333 1363
560 561
850 852
75 76
1222 1230
1312 1322
728 733
818 820
131 134
955 956
216 223
561 570
964 990
203 205
722 727
1413 1416
305 306
1159 1163
1429 1436
1410 1413
374 378
284 305
1392 1394
1075 1103
1044 1064
1379 1386
585 625
708 714
1282 1291
55 94
704 705
809 813
419 423
620 625
11 12
7 9
351 355
36 43
1200 1201
1291 1310
1080 1091
395 403
1075 1079
485 488
403 411
232 236
1414 1427
1029 1035
250 264
312 317
1322 1327
472 476
1004 1009
1269 1282
1314 1322
1015 1029
501 502
5 7
1003 1004
1113 1124
819 826
1229 1234
367 371
411 412
9 11
1248 1261
1079 1080
1062 1064
1427 1428
150 154
535 537
346 351
1228 1229
853 855
290 294
448 456
1366 1370
680 682
677 680
1365 1366
379 392
1000 1003
461 472
193 202
1035 1038
231 232
24 31
1386 1393
636 645
1310 1314
543 550
343 346
926 930
914 922
1263 1269
880 884
842 845
1045 1051
1064 1075
558 579
70 77
996 998
337 342
773 778
1362 1363
1009 1010
967 983
1193 1194
729 738
892 902
668 669
86 92
342 343
1401 1405
216 231
755 773
585 588
1346 1352
1393 1397
783 785
672 676
845 846
960 967
1217 1226
1216 1217
125 130
552 558
879 880
60 65
1429 1436
1153 1159
248 250
648 652
412 414
983 996
832 840
135 138
515 520
1234 1243
66 70
1194 1197
1282 1289
184 188
1289 1291
1185 1193
798 800
1159 1160
47 54
1101 1102
1104 1106
1133 1134
1261 1263
294 297
325 337
1180 1185
509 515
659 668
858 867
54 55
936 945
1226 1228
849 850
1106 1113
520 531
870 875
846 849
355 359
645 648
65 66
890 892
43 47
957 960
867 868
359 362
4 5
215 216
1051 1062
1134 1140
1041 1042
0 2
1439 1440
0 1
32 23
560 562
1225 1226
1375 1428
906 909
1314 1359
314 332
163 166
131 142
821 830
300 309
1013 1035
190 235
1185 1197
544 557
909 923
559 560
1278 1282
1197 1225
297 300
1428 1440
1043 1050
1364 1370
468 481
538 544
356 364
1001 1003
364 388
332 356
834 839
847 857
1181 1185
633 637
108 115
70 87
1370 1375
312 314
235 244
997 1001
709 739
52 59
60 61
481 497
646 689
1106 1114
604 614
282 297
1050 1093
588 598
1230 1269
1135 1181
739 766
622 629
418 442
528 534
87 105
12 36
838 847
817 822
687 712
287 289
931 932
1383 1387
523 529
1223 1225
1399 1403
32 33
1105 1107
836 838
7 9
357 360
1405 1423
9 14
608 610
188 196
372 381
1041 1052
671 672
735 756
730 735
1235 1237
994 998
999 1010
343 357
932 942
628 638
1212 1213
773 775
1034 1041
187 188
94 110
1126 1146
442 447
579 584
666 671
275 287
219 225
908 914
174 185
617 624
514 520
158 174
1346 1349
1208 1212
954 964
2 0
1439 1440
0 1
3 14
1317 1319
467 487
90 92
874 879
1162 1177
1430 1431
946 947
1404 1417
1395 1400
1181 1182
662 675
563 574
839 844
236 242
984 991
654 662
690 712
63 67
566 580
363 364
984 987
402 403
615 616
406 408
1426 1430
481 509
923 927
1432 1439
8 16
403 406
1298 1307
1092 1098
16 21
49 74
213 217
664 667
580 587
1430 1431
479 480
341 344
812 818
317 326
625 627
345 346
365 374
1236 1243
475 479
1373 1375
1131 1132
818 821
252 254
1390 1401
1118 1131
821 825
135 143
199 213
676 678
387 395
528 545
611 614
457 475
83 85
155 172
364 365
152 155
679 681
248 252
172 175
1350 1354
86 103
971 979
748 756
1401 1412
1106 1108
1108 1113
1247 1250
450 452
1232 1233
1056 1066
1214 1216
1419 1426
190 198
806 811
277 292
509 513
1326 1339
1166 1169
225 227
1233 1236
927 932
730 748
1162 1166
395 402
1008 1050
645 653
1252 1253
175 182
987 992
326 327
1286 1288
634 636
944 956
1133 1137
846 860
636 645
47 48
408 411
3 6
663 664
1050 1051
1082 1088
339 341
300 310
117 126
1104 1106
21 47
767 773
1253 1266
627 634
126 134
614 615
48 49
229 235
1244 1247
346 361
667 676
143 152
1380 1390
134 135
227 229
1216 1218
683 707
189 190
653 655
587 597
597 611
217 225
759 767
1174 1183
1250 1252
864 865
811 812
720 724
1288 1298
773 775
1365 1368
1137 1145
1169 1174
47 66
546 580
718 731
356 380
1364 1376
1218 1219
1102 1129
1037 1039
1438 1440
1342 1344
1067 1086
1252 1262
1052 1067
1184 1185
865 874
855 865
288 289
828 855
91 103
273 288
761 764
617 631
295 317
1323 1341
380 405
683 686
146 150
89 91
1185 1199
1162 1167
801 810
897 901
1319 1323
703 711
1341 1342
79 84
484 485
234 239
464 474
508 546
957 958
738 750
1281 1304
946 957
659 671
317 318
750 756
450 457
777 794
1430 1433
130 135
1387 1390
5 6
483 484
339 341
1182 1184
223 234
318 330
978 994
457 464
1158 1159
1433 1438
1007 1013
409 414
1239 1243
756 760
207 218
731 734
1376 1385
671 680
1353 1354
38 44
1033 1037
415 450
341 356
140 146
711 718
580 617
1167 1175
1219 1226
1199 1203
1390 1404
405 409
924 935
499 508
994 1007
289 295
734 736
103 108
239 266
1013 1033
135 140
266 272
958 975
631 645
414 415
772 777
219 223
1129 1158
645 659
485 499
218 219
1385 1387
1086 1102
1203 1211
6 38
1363 1364
687 703
69 76
975 978
1039 1052
901 903
823 828
1344 1347
0 2
1080 1440
0 360
39 45
528 553
697 706
332 340
745 748
1409 1410
573 583
662 674
982 989
1189 1191
752 755
208 211
1143 1146
1105 1126
1169 1180
1439 1440
324 332
674 697
1146 1169
899 904
229 239
652 653
283 286
402 411
60 63
989 1001
706 718
239 244
1266 1285
313 315
567 573
1359 1385
931 933
1131 1135
427 428
1387 1390
183 189
498 525
157 171
782 801
1024 1059
755 767
1385 1387
63 69
268 273
100 106
1235 1261
1306 1313
767 778
1135 1143
1291 1306
19 20
1059 1064
1069 1099
244 256
411 427
1390 1398
960 982
315 324
172 183
748 752
959 960
583 596
904 931
18 19
295 297
386 402
828 843
191 208
597 604
342 353
605 610
353 386
132 157
1410 1423
34 60
224 225
308 313
286 291
730 745
718 720
1423 1439
852 875
933 940
5 18
96 37
340 346
1309 1314
713 728
903 904
1353 1357
504 509
376 383
1064 1077
1175 1177
1026 1031
729 732
308 313
1162 1168
1202 1212
1042 1048
732 747
1181 1192
494 495
512 513
1212 1217
654 659
249 261
675 680
51 54
54 56
1292 1308
710 713
826 829
444 451
637 642
383 394
907 910
211 220
1052 1054
922 926
1177 1178
1336 1353
173 178
227 229
1048 1052
517 535
495 504
164 173
1232 1241
1034 1042
417 421
56 61
435 439
1416 1426
794 796
404 406
873 903
1150 1152
793 794
659 660
643 647
791 793
647 654
261 277
332 336
113 129
346 363
463 468
1192 1197
1000 1005
398 399
402 404
28 47
829 842
1308 1309
293 305
412 417
397 398
129 132
961 964
305 308
1357 1365
937 941
399 402
779 789
866 873
955 961
313 314
1276 1284
314 330
692 700
926 937
240 249
1152 1162
1170 1175
660 675
1169 1170
394 397
762 773
587 609
230 240
1017 1020
1059 1064
292 293
1252 1257
848 866
1031 1034
1128 1140
941 948
47 51
1377 1391
1391 1416
1319 1334
476 494
700 710
686 692
277 279
747 748
220 227
815 826
1426 1440
748 756
796 799
330 332
75 101
1258 1276
63 74
1241 1252
1095 1106
842 843
789 791
635 637
1197 1202
799 807
472 475
1022 1026
61 63
1365 1374
0 2
1080 1440
10 360
89 60
1416 1424
1315 1316
1245 1247
183 198
308 329
575 580
1078 1116
1183 1189
1424 1438
780 781
766 773
1042 1043
712 714
691 692
1176 1179
2 11
1235 1239
703 708
329 341
87 88
88 113
907 913
1268 1274
934 936
62 82
369 371
126 133
717 733
1043 1045
814 827
669 670
1401 1416
551 552
1274 1277
571 575
617 622
622 623
993 1008
500 520
920 934
943 956
1225 1228
1392 1401
1247 1250
1316 1324
341 353
269 270
1361 1365
591 612
30 42
215 224
20 21
371 373
758 760
85 87
520 525
1239 1243
1008 1015
777 780
1045 1066
491 492
1208 1210
781 783
123 126
1066 1078
1139 1140
1126 1132
666 669
1015 1028
1189 1208
113 120
623 666
1228 1234
304 308
1243 1245
56 58
1277 1297
120 123
1334 1344
526 549
1137 1139
850 855
82 83
353 363
1179 1183
1260 1267
549 551
789 797
1116 1120
670 685
762 766
1140 1176
1438 1440
862 869
956 993
1132 1137
1344 1346
1324 1325
1297 1312
1028 1037
1346 1350
733 758
773 777
492 500
708 712
913 920
1041 1042
11 20
21 27
813 814
55 56
1037 1041
398 402
363 369
270 285
590 591
1325 1334
245 256
797 801
760 762
1350 1354
1267 1268
147 166
1234 1235
552 571
580 588
1354 1361
224 245
143 147
1312 1315
936 943
525 526
213 215
588 590
256 269
373 398
869 879
27 30
827 850
1250 1257
50 55
1210 1225
1257 1260
879 907
207 213
1120 1126
801 813
202 207
166 183
84 54
1394 1401
879 896
1113 1117
1436 1438
364 369
987 999
612 628
440 443
641 644
449 450
702 707
459 460
769 771
481 495
356 358
228 230
1139 1140
931 932
336 338
763 768
1177 1178
1135 1136
1387 1391
83 87
849 854
122 129
183 186
756 763
817 825
1192 1193
131 139
25 26
1348 1350
1148 1149
806 811
925 926
859 865
926 931
446 449
1253 1257
1171 1177
82 83
397 400
1438 1440
188 192
154 155
555 561
865 868
707 708
404 406
1272 1273
155 165
588 594
738 749
1124 1127
1127 1133
369 370
842 846
944 969
711 712
671 702
1066 1067
787 792
145 146
1067 1069
340 345
204 207
566 567
982 986
635 638
1307 1313
1367 1382
460 467
874 876
445 446
549 553
1081 1102
1239 1253
262 275
1014 1020
972 977
708 709
55 68
868 874
896 908
467 469
1281 1283
94 98
1226 1234
1225 1226
275 289
243 260
792 793
1313 1317
317 321
192 196
1288 1289
825 827
207 228
1364 1365
777 787
1136 1139
1193 1198
1283 1288
1069 1075
1382 1387
1021 1026
87 92
1365 1367
236 239
239 241
370 374
977 979
321 322
632 635
1032 1035
1020 1021
1181 1184
986 987
505 506
804 806
345 352
98 116
1198 1202
718 738
638 640
1140 1145
527 533
717 718
358 364
241 243
1426 1436
981 982
553 555
1401 1414
409 420
1102 1104
196 203
2 0
1080 1430
0 360
64 36
429 430
553 555
403 405
873 877
677 684
365 366
973 974
238 251
299 300
691 704
938 940
331 337
71 73
1319 1320
378 380
719 720
218 231
389 390
561 562
376 377
410 419
603 605
832 835
286 287
267 268
724 734
234 238
252 254
684 685
795 823
13 17
662 663
550 551
1158 1167
845 853
215 218
1112 1114
330 331
318 330
1 4
1029 1034
868 873
92 102
866 867
300 303
366 375
577 579
377 378
454 455
1433 1436
685 691
853 855
380 383
838 840
618 624
1205 1207
77 83
656 662
1239 1243
210 215
1207 1210
1194 1198
639 654
1311 1313
206 207
1436 1440
440 447
1012 1014
231 232
974 976
4 13
1388 1392
1397 1419
586 587
1313 1314
405 407
128 129
131 135
172 173
294 297
18 37
254 263
304 318
940 945
1314 1318
508 509
605 609
251 252
59 65
448 450
173 177
274 279
1257 1270
560 561
1353 1358
1385 1388
579 583
654 656
209 210
407 410
100 100
196 197
140 141
144 145
22 23
70 71
188 189
10 11
150 151
4 5
134 135
0 1
182 183
198 199
194 195
38 39
62 63
136 137
94 95
102 103
192 193
98 99
84 85
164 165
74 75
152 153
16 17
176 177
24 25
168 169
18 19
116 117
52 53
2 3
174 175
154 155
36 37
72 73
78 79
46 47
178 179
158 159
108 109
8 9
20 21
28 29
190 191
160 161
42 43
12 13
130 131
106 107
170 171
126 127
14 15
40 41
162 163
100 101
88 89
44 45
166 167
48 49
80 81
64 65
56 57
30 31
34 35
60 61
124 125
96 97
138 139
104 105
156 157
180 181
6 7
90 91
146 147
142 143
54 55
82 83
120 121
128 129
86 87
148 149
68 69
92 93
122 123
76 77
118 119
184 185
32 33
66 67
112 113
58 59
50 51
172 173
186 187
114 115
26 27
132 133
110 111
236 237
396 397
376 377
296 297
314 315
332 333
390 391
292 293
380 381
368 369
258 259
218 219
350 351
214 215
392 393
252 253
206 207
322 323
222 223
334 335
352 353
284 285
300 301
356 357
264 265
244 245
340 341
254 255
310 311
318 319
362 363
248 249
374 375
306 307
266 267
304 305
224 225
270 271
246 247
234 235
370 371
344 345
288 289
364 365
212 213
354 355
386 387
330 331
336 337
286 287
230 231
262 263
208 209
260 261
228 229
210 211
338 339
298 299
256 257
366 367
274 275
282 283
220 221
232 233
216 217
202 203
372 373
242 243
290 291
328 329
226 227
316 317
358 359
268 269
394 395
250 251
276 277
324 325
320 321
302 303
238 239
384 385
326 327
342 343
204 205
382 383
388 389
348 349
360 361
272 273
240 241
308 309
280 281
398 399
378 379
346 347
294 295
200 201
312 313
278 279
32 61
668 672
1286 1298
892 894
14 36
74 77
376 403
1274 1275
588 602
1215 1216
1383 1399
467 469
533 535
1223 1234
527 532
195 198
791 809
1375 1381
1308 1311
554 556
833 834
1258 1274
950 952
923 929
1019 1030
739 754
867 871
852 859
83 92
1323 1375
496 499
894 923
862 867
962 998
654 658
728 739
1311 1316
1234 1239
162 173
1001 1011
556 559
133 138
1421 1422
404 434
1239 1258
499 500
1105 1126
1000 1001
1016 1019
929 940
360 376
774 785
1278 1286
998 1000
619 654
882 888
724 728
1399 1421
602 619
151 162
813 833
1322 1323
809 813
1298 1308
48 49
1422 1427
403 404
454 467
198 212
302 326
1048 1052
1030 1041
1186 1194
785 791
672 697
1185 1186
212 220
1095 1103
940 950
697 707
173 195
82 83
292 295
535 554
1126 1140
272 286
559 588
77 82
1209 1215
952 962
57 58
871 874
445 446
754 774
27 100
271 277
8 15
501 505
1201 1207
291 293
428 430
796 800
522 528
155 161
510 511
47 48
570 575
548 555
824 830
15 31
1185 1196
186 194
528 532
71 73
223 227
81 113
843 845
985 998
575 579
493 501
1090 1091
579 596
868 889
1358 1363
852 854
264 271
617 620
431 446
1245 1258
1354 1358
1235 1245
596 600
681 686
981 985
1132 1143
297 299
277 280
1096 1111
800 801
379 381
788 796
1111 1112
636 638
1112 1132
1298 1303
76 81
1353 1354
569 570
1227 1230
207 211
398 414
2 3
34 37
74 76
1066 1069
1295 1298
293 295
31 32
865 868
652 653
1143 1155
194 196
183 186
707 716
41 47
163 169
48 49
653 667
1380 1386
238 241
334 335
1029 1035
801 813
638 644
1053 1055
889 902
478 479
686 688
414 420
361 362
601 605
735 739
1306 1309
1196 1197
458 460
1336 1341
1218 1227
821 824
241 243
1285 1289
1263 1285
1260 1263
1386 1397
1289 1295
386 387
998 1017
567 569
1064 1066
716 727
624 627
335 336
1055 1064
339 361
675 681
479 481
941 942
605 614
37 41
948 960
451 458
620 623
169 183
49 57
1435 1440
231 238
1083 1084
1230 1235
845 852
295 297
486 493
858 861
1035 1047
100 100
1368 1375
1152 1159
172 180
86 93
979 986
604 612
201 208
316 324
1281 1288
892 900
619 626
1252 1260
878 885
1310 1317
345 352
1094 1101
216 223
777 784
129 136
388 396
100 108
1324 1332
1353 1360
1425 1432
691 698
590 597
921 928
907 914
417 424
1238 1245
230 237
57 64
763 770
489 496
14 21
964 972
1008 1015
835 842
273 280
288 295
144 151
331 338
403 410
792 799
1195 1202
0 7
1296 1303
360 367
504 511
475 482
676 684
158 165
532 540
648 655
115 122
561 568
1209 1216
1123 1130
1267 1274
720 727
374 381
864 871
1108 1116
432 439
446 453
1339 1346
936 943
1382 1389
1022 1029
43 50
576 583
1036 1044
1396 1404
259 266
662 669
187 194
993 1000
734 741
849 856
1411 1418
244 252
28 36
1180 1188
820 828
748 756
1166 1173
1065 1072
460 468
1224 1231
1051 1058
705 712
302 309
1137 1144
547 554
806 813
1080 1087
72 79
518 525
633 640
950 957
1130 1137
381 388
842 849
122 129
568 576
223 230
554 561
1346 1353
511 518
338 345
1216 1224
914 921
957 964
1389 1396
295 302
194 201
309 316
1317 1324
655 662
1058 1065
1288 1296
165 172
756 763
1360 1368
1404 1411
986 993
1000 1008
828 835
424 432
367 374
1274 1281
352 360
1245 1252
1144 1152
626 633
266 273
597 604
540 547
468 475
496 504
324 331
1101 1108
21 28
280 288
151 158
1029 1036
64 72
684 691
640 648
93 100
108 115
1159 1166
727 734
1044 1051
1116 1123
453 460
1173 1180
799 806
1072 1080
813 820
698 705
237 244
856 864
1432 1440
1375 1382
410 417
669 676
871 878
1332 1339
583 590
79 86
741 748
50 57
1260 1267
784 792
180 187
885 892
612 619
1418 1425
943 950
1202 1209
1015 1022
208 216
712 720
900 907
396 403
36 43
972 979
252 259
525 532
439 446
1087 1094
1231 1238
770 777
928 936
1303 1310
482 489
7 14
1188 1195
136 144
41 21
256 258
106 133
1399 1403
553 555
541 546
415 421
868 874
1195 1198
1020 1022
490 491
1426 1430
682 684
1198 1202
157 158
1290 1293
62 69
31 37
193 194
1168 1186
1411 1422
392 408
532 541
1159 1168
732 733
1009 1020
73 80
1267 1273
1260 1262
1324 1329
166 180
447 452
1135 1151
1398 1399
1022 1023
643 654
1239 1247
158 164
1345 1357
409 415
776 784
258 260
1037 1041
191 193
69 71
1335 1341
1438 1440
327 335
374 384
55 59
335 341
860 865
1053 1056
733 741
38 42
1074 1092
1341 1345
1071 1073
282 286
1235 1239
978 982
1262 1265
164 166
2 0
11 361
1080 1430
10 100
269 270
752 757
396 401
615 616
224 225
519 521
559 560
1062 1066
1119 1125
22 23
931 935
1190 1192
59 63
937 938
446 450
549 550
1210 1223
455 461
673 680
163 165
785 803
625 631
1246 1251
1076 1085
242 244
509 519
631 635
757 758
168 173
732 738
165 168
278 280
859 861
922 924
1435 1437
809 814
225 242
1143 1145
463 472
571 578
854 859
845 853
1323 1327
1030 1033
908 909
825 826
816 821
909 912
958 976
1381 1383
48 59
4 14
258 260
1162 1165
339 340
1360 1363
1004 1009
727 732
145 149
741 748
1421 1435
560 562
23 29
149 155
759 760
892 905
71 80
461 463
938 939
803 809
988 1004
290 291
29 46
581 584
558 559
778 782
1327 1328
721 725
661 673
291 293
1088 1091
155 159
284 288
1094 1104
1192 1193
244 246
1251 1267
453 455
389 391
1155 1162
288 290
638 639
262 269
1437 1439
180 184
1025 1030
773 776
680 684
550 551
249 255
589 590
1204 1206
357 368
842 844
103 112
1237 1244
758 759
1417 1421
762 764
280 283
40 94
279 281
581 584
661 683
62 69
175 183
883 890
412 417
648 653
1283 1284
276 279
993 994
1028 1041
74 76
1275 1276
368 372
49 50
243 244
1049 1060
1225 1237
725 726
584 610
486 492
986 993
495 497
1276 1278
329 337
135 137
169 175
805 812
931 938
1041 1042
1369 1370
41 44
759 770
365 368
639 640
1103 1105
520 528
814 824
402 404
256 260
553 555
183 192
1388 1399
1106 1112
219 220
193 212
466 470
288 294
1194 1199
1278 1279
507 518
107 114
69 72
1399 1403
536 537
309 313
1378 1382
1357 1360
1354 1356
637 639
1370 1376
1247 1255
97 101
938 943
445 454
1060 1061
955 960
1284 1291
1116 1118
1129 1134
38 41
1316 1333
770 771
1241 1245
104 107
250 253
1291 1293
698 702
856 858
960 965
1311 1316
390 401
976 979
337 346
702 721
1296 1305
437 445
1189 1192
825 832
1293 1296
1237 1241
1 5
456 466
350 352
565 581
890 902
1150 1153
721 725
778 784
1382 1388
483 486
1279 1281
1105 1106
7 10
1367 1369
432 436
943 955
754 759
922 923
315 326
726 735
474 476
824 825
518 520
902 903
151 162
114 117
1083 1090
1199 1202
1153 1157
15 22
858 883
1004 1007
260 271
44 49
470 474
101 103
812 814
117 131
653 661
10 15
797 805
1333 1354
1 1
0 1
1439 1440
73 97
14 17
759 765
1200 1207
1262 1267
1334 1335
1261 1262
1156 1157
1291 1294
608 609
337 338
1040 1041
665 666
1427 1429
1323 1324
609 633
1199 1200
476 477
491 495
1223 1229
495 496
1275 1284
982 990
366 382
320 325
450 456
1438 1439
201 211
650 653
416 417
177 179
551 555
38 41
441 450
633 639
517 518
136 139
566 571
1417 1419
666 667
1052 1054
282 284
217 218
54 57
787 788
502 508
1343 1355
990 995
186 201
214 215
975 981
667 670
921 938
1433 1436
1041 1051
964 965
382 385
388 389
683 684
89 90
1284 1287
1051 1052
179 180
357 366
145 147
870 879
847 850
45 50
965 969
1315 1323
1161 1162
743 759
1079 1084
389 390
1267 1275
698 711
836 840
684 688
530 534
1389 1391
1162 1163
29 36
534 548
1063 1064
1207 1216
411 412
969 975
670 672
1174 1175
12 14
1251 1261
790 794
1117 1126
130 136
981 982
887 902
87 89
484 489
218 221
1436 1438
482 484
1175 1190
113 120
7 10
1105 1108
147 155
326 334
343 353
103 113
1313 1315
1057 1063
939 940
216 217
405 408
1364 1369
158 177
1378 1385
788 790
417 418
338 339
639 643
236 243
573 574
432 440
1329 1334
1439 1440
949 951
726 727
66 67
90 91
215 216
392 401
727 736
10 12
477 482
959 962
1071 1074
310 320
1337 1342
36 38
914 918
1054 1057
222 225
558 565
556 558
602 604
1342 1343
850 855
1218 1223
284 285
82 83
1157 1159
472 476
951 957
390 392
211 214
1294 1313
778 782
786 787
574 582
1005 1006
17 23
912 914
293 299
908 912
123 130
1074 1078
599 602
524 530
1126 1136
50 54
16 43
94 95
1290 1296
1289 1290
1136 1173
633 635
844 847
964 968
1253 1254
735 746
1126 1136
370 389
149 159
575 589
635 644
514 520
123 135
1049 1061
804 839
1002 1030
439 448
874 878
424 439
1092 1111
1258 1260
256 283
471 490
863 874
1361 1375
1338 1348
572 575
878 892
225 233
248 256
490 492
62 89
27 36
779 792
1173 1188
1123 1126
389 390
1227 1233
971 981
393 404
931 958
452 469
21 27
411 415
925 927
963 964
1111 1123
892 910
179 193
1246 1248
1248 1253
589 598
5 9
914 917
644 650
209 222
80 13
355 361
515 549
1175 1191
84 87
1066 1069
4 7
331 334
1254 1257
1039 1041
89 92
913 922
296 298
246 249
925 942
361 364
167 174
704 706
338 347
1228 1234
1291 1294
863 888
715 719
1140 1142
513 515
996 997
440 443
899 909
888 892
1370 1371
577 584
153 161
1345 1348
796 800
299 318
144 152
564 567
1142 1145
93 97
1221 1225
57 58
1274 1285
833 841
709 710
108 109
412 414
1348 1349
21 22
615 624
1153 1160
1301 1314
1329 1333
1205 1208
584 586
1359 1360
115 119
783 784
66 81
318 331
123 127
568 572
1168 1169
33 46
14 21
1148 1153
438 440
1225 1228
661 664
1371 1395
249 254
710 715
909 913
625 627
1409 1414
1058 1061
1069 1074
823 826
489 493
1395 1405
50 56
1052 1057
595 604
572 577
739 743
1006 1008
255 263
1365 1369
1087 1091
847 854
973 986
87 89
207 210
652 655
819 823
87 8
474 476
802 803
1010 1019
554 559
1137 1140
305 313
734 737
226 231
1398 1401
494 495
874 902
605 607
930 939
1401 1402
66 83
132 136
643 656
1423 1424
261 268
1087 1090
544 551
43 49
700 702
313 315
465 474
771 779
1418 1420
1326 1328
405 406
319 323
1424 1431
444 461
1030 1033
856 858
231 236
676 679
23 25
573 586
1389 1392
129 130
525 530
63 66
1184 1187
957 969
9 21
1261 1270
1270 1281
679 682
1166 1167
1225 1257
442 444
1113 1117
1083 1087
203 211
669 676
1199 1209
714 723
379 383
432 438
1315 1326
817 820
97 117
668 669
682 685
542 544
798 802
406 413
982 983
868 872
803 808
950 957
559 565
657 665
808 817
1433 1436
1431 1432
117 129
136 138
902 908
611 634
1090 1091
866 868
1330 1334
354 365
318 319
724 730
1033 1037
29 31
486 494
760 763
502 516
1174 1184
147 164
1214 1217
50 57
0 2
541 901
180 540
26 55
1286 1287
1190 1192
669 670
47 51
519 525
478 486
1090 1100
1274 1278
1080 1082
127 140
1372 1374
217 221
1013 1029
172 174
670 676
639 641
1364 1372
746 766
278 287
420 425
20 27
1195 1197
795 797
1343 1344
1138 1139
732 739
708 717
729 732
392 400
433 435
907 922
859 862
1287 1289
528 539
379 381
429 433
1212 1215
1039 1040
922 928
78 80
1225 1226
1435 1439
365 367
560 562
1356 1364
197 201
80 95
705 708
616 618
1029 1032
1077 1080
52 58
609 614
928 936
636 638
641 653
95 100
1120 1123
526 528
494 498
337 347
766 781
186 191
1236 1258
1070 1077
618 624
1063 1066
158 171
1128 1138
1344 1353
676 677
1226 1236
375 379
1279 1281
1032 1034
989 991
51 52
1208 1210
71 74
174 178
579 585
77 89
48 54
742 750
488 498
224 226
1129 1130
1425 1433
1331 1332
226 235
1188 1194
750 753
1358 1360
608 609
1107 1109
607 608
1318 1319
4 15
417 419
931 935
896 897
1007 1014
215 224
106 110
1002 1005
988 1001
684 685
1341 1346
197 199
1119 1121
1218 1219
351 354
1153 1162
685 689
567 570
753 759
1438 1440
1293 1297
111 112
1005 1007
792 794
1262 1264
794 795
689 693
905 906
1370 1376
1022 1031
1092 1107
626 636
530 532
42 46
824 826
415 417
1134 1140
475 477
178 179
1182 1185
795 797
303 306
425 426
1326 1331
34 42
1324 1326
620 625
423 425
946 950
290 295
122 126
112 121
791 792
1239 1243
301 303
129 130
826 827
551 554
356 362
1284 1287
487 488
797 803
1376 1383
110 111
648 654
906 911
275 290
532 547
735 738
394 395
809 818
979 988
32 34
498 499
956 958
572 579
1194 1206
1360 1369
1001 1002
3 4
929 931
1319 1324
958 960
355 356
54 56
354 355
863 873
1115 1117
1243 1262
759 769
728 735
1415 1420
1031 1034
960 966
1118 1119
699 707
121 122
600 602
950 951
272 275
1219 1221
245 257
1275 1284
646 648
874 882
1109 1115
419 422
201 212
362 363
335 344
316 319
319 323
156 166
920 926
1313 1318
818 824
447 451
26 32
570 572
708 715
975 979
604 607
214 215
73 85
636 645
306 313
856 863
46 48
645 646
778 791
468 475
350 351
479 487
499 507
1221 1231
395 415
525 530
882 885
707 708
69 73
243 245
295 296
1238 1239
146 156
477 478
1082 1084
873 874
1087 1092
935 939
1018 1022
370 372
32 48
1417 1435
997 998
917 919
637 638
259 266
570 579
1439 1440
943 944
107 119
496 512
803 805
291 298
1329 1332
796 797
668 673
1435 1436
1348 1350
1163 1170
887 889
1044 1047
623 634
434 435
685 707
1350 1354
539 559
994 997
733 744
745 755
1114 1121
886 887
860 861
1170 1171
1096 1099
1258 1269
1005 1015
707 709
775 777
59 61
61 78
856 858
889 893
1067 1068
1436 1438
1245 1246
919 928
168 169
744 745
299 307
269 273
1029 1044
797 801
732 733
298 299
188 194
204 209
998 1005
450 452
1316 1329
35 50
161 165
871 874
416 434
389 406
366 368
843 850
801 803
646 647
340 347
940 941
452 453
941 943
947 960
647 668
987 994
1093 1096
928 940
155 157
266 267
875 878
141 155
86 45
1333 1340
844 848
671 672
267 271
342 352
392 415
13 14
993 1025
1381 1383
1330 1332
732 739
593 596
1025 1051
105 110
1136 1137
132 166
1137 1140
1346 1356
1185 1188
792 795
651 657
12 13
957 964
1303 1307
251 255
389 392
837 841
719 721
283 293
832 837
591 593
1378 1381
195 199
1140 1144
1318 1320
569 570
975 984
461 462
930 933
218 232
1051 1067
328 342
442 443
554 556
708 719
1182 1185
443 450
1307 1309
1323 1327
315 318
964 975
706 707
730 732
1275 1276
933 956
255 259
1277 1279
672 682
1213 1227
828 830
1434 1440
1087 1106
451 461
742 754
861 871
795 803
692 699
14 15
1279 1303
581 585
373 376
1423 1432
419 442
1309 1318
613 630
1327 1330
984 986
1406 1423
482 502
212 218
596 613
830 831
271 283
704 706
657 666
204 209
248 251
199 204
509 532
1106 1117
1344 1346
266 267
827 828
129 132
110 119
1122 1136
1120 1122
721 724
4 12
1206 1213
707 708
956 957
848 852
759 783
1432 1434
699 704
1067 1087
209 211
502 509
559 565
724 727
60 62
565 566
783 792
1356 1378
566 567
1332 1333
1117 1120
1240 1269
900 906
173 185
170 173
1164 1180
754 758
384 389
852 861
634 651
376 384
462 465
15 17
727 730
95 80
51 52
1308 1318
592 598
350 351
776 785
488 490
478 485
48 51
1159 1160
1318 1325
382 383
327 332
1138 1149
747 757
1244 1246
472 473
351 354
1242 1243
646 647
1262 1272
110 115
1187 1203
485 488
892 896
307 319
1066 1068
992 1007
944 953
676 679
506 528
689 691
504 506
881 892
90 92
109 110
203 211
1233 1239
416 460
1056 1062
170 171
655 665
294 297
220 229
671 676
1428 1434
1020 1023
1325 1329
774 776
137 142
410 415
1392 1398
354 379
697 712
1153 1155
1055 1056
563 570
800 832
744 747
1426 1428
620 640
1286 1288
953 968
642 646
1297 1302
923 930
275 279
582 584
726 739
1155 1159
181 186
332 341
67 71
767 773
921 923
601 620
917 920
1160 1167
1366 1369
1377 1381
1121 1126
341 350
1373 1377
1261 1262
1288 1297
930 944
968 972
229 235
463 472
1030 1047
1230 1232
1406 1411
1009 1020
1173 1181
1023 1025
1246 1261
547 556
186 190
1151 1153
319 324
235 242
1241 1242
680 689
1435 1439
269 275
1232 1233
78 90
301 307
691 695
490 504
415 416
586 592
1357 1358
695 697
297 299
1181 1186
762 767
647 649
1434 1435
528 535
1126 1128
100 101
268 269
1008 1009
649 655
299 301
324 327
1381 1392
832 833
1302 1308
535 547
854 860
133 137
120 130
1274 1286
10 21
773 774
1398 1406
92 100
556 561
108 109
896 917
1149 1151
115 120
1104 1121
211 220
1369 1373
1358 1366
1329 1357
1069 1089
1062 1066
293 294
1210 1230
757 762
920 921
665 671
640 642
839 854
1239 1241
52 66
1186 1187
785 790
1128 1138
171 181
561 563
1089 1104
22 27
405 410
570 571
584 586
571 582
1047 1053
1411 1426
246 268
1167 1173
1007 1008
65 61
709 711
970 971
415 419
1126 1147
1403 1410
447 459
1203 1206
69 70
1214 1225
19 20
62 63
152 153
1164 1170
866 874
696 697
251 253
70 72
697 698
839 849
259 260
187 195
764 765
939 944
419 425
786 788
570 571
482 487
185 186
561 562
1016 1020
381 388
162 167
459 460
912 920
831 834
72 75
737 738
487 497
268 271
711 717
818 826
572 585
1361 1362
1299 1301
1209 1210
585 587
849 857
425 428
1182 1189
1396 1403
112 113
1317 1321
6 14
1010 1015
473 480
622 625
1346 1349
857 861
248 251
1029 1031
168 169
641 649
264 268
599 606
1386 1395
792 797
935 939
1362 1364
920 921
1106 1111
318 319
1230 1232
889 892
529 531
797 798
726 727
1195 1198
39 49
82 87
537 546
344 358
649 660
1225 1230
51 52
1329 1332
1349 1353
1091 1094
1040 1073
798 799
369 381
1296 1299
1428 1430
1336 1339
768 772
861 866
1395 1396
465 473
1410 1422
1005 1010
887 889
1321 1324
153 154
1085 1089
828 831
660 662
662 674
692 694
892 912
987 988
1301 1303
876 883
433 447
133 151
533 534
1232 1244
1096 1097
625 630
961 970
328 330
1353 1355
161 162
1089 1091
674 684
1147 1154
571 572
534 537
60 36
1041 1051
1053 1060
299 311
563 574
1093 1097
360 366
1213 1219
658 661
723 726
1351 1356
56 58
366 368
779 780
69 77
1105 1106
621 627
1228 1240
766 775
460 464
77 78
1097 1102
1074 1083
350 352
190 203
541 543
120 133
1318 1320
627 632
206 230
240 244
1120 1132
1268 1277
203 206
854 866
1158 1163
154 158
1246 1266
459 460
468 476
381 382
58 69
575 604
139 143
78 83
1196 1213
413 417
230 235
1060 1074
557 563
159 170
866 868
274 290
960 968
476 478
328 338
1051 1053
4 11
1314 1318
666 669
1338 1344
1084 1093
1147 1157
681 687
1266 1268
1436 1439
947 949
870 871
1277 1282
138 139
83 92
949 954
158 159
30 40
1350 1351
373 381
1298 1310
1194 1196
1344 1350
868 870
495 498
1106 1109
325 328
1117 1118
368 372
1102 1105
1320 1326
1365 1366
485 493
939 947
1326 1327
1180 1194
604 610
143 146
92 112
1294 1298
971 973
0 87
199 200
175 180
605 608
397 408
134 137
1133 1138
886 897
499 508
1124 1131
424 433
573 578
950 954
556 560
963 975
32 33
1398 1409
1335 1339
190 192
1363 1372
1098 1120
449 451
1268 1270
1132 1133
993 999
286 293
824 827
433 442
828 845
733 735
901 903
154 161
224 227
1328 1334
578 586
234 247
1280 1281
637 642
707 710
171 175
988 990
1195 1196
1037 1054
897 901
1023 1035
1334 1335
695 703
1229 1242
778 783
941 949
664 674
66 72
1078 1079
1345 1348
1381 1382
868 871
1131 1132
674 677
194 199
184 186
187 190
1020 1023
801 804
56 58
983 985
595 605
815 822
335 340
1206 1214
81 84
738 747
102 111
1190 1195
391 397
570 573
353 366
1015 1020
1275 1278
827 828
1228 1229
529 537
442 443
170 171
508 509
589 595
1372 1375
784 787
484 497
23 87
514 515
1369 1380
1420 1436
1389 1397
913 920
378 395
438 443
177 182
347 353
426 431
1145 1161
488 498
869 877
701 722
1227 1228
1341 1342
151 153
550 559
1264 1272
1193 1196
147 148
1082 1093
15 16
1222 1227
353 354
43 50
860 869
195 212
762 768
522 525
1070 1082
331 332
614 621
534 536
1249 1257
189 193
1228 1249
511 514
1304 1311
932 933
501 511
768 775
733 745
1178 1180
726 733
931 932
1183 1187
846 857
911 913
1217 1222
483 488
722 726
640 645
1361 1366
959 964
750 759
1180 1181
775 782
675 676
367 369
155 156
1006 1011
194 195
247 249
481 482
669 670
579 581
366 367
141 147
541 549
937 949
473 475
17 18
1205 1210
1302 1304
431 434
683 688
933 937
857 860
377 378
343 347
981 985
645 648
827 834
1329 1330
40 43
470 473
1141 1145
263 270
1096 1097
74 81
1211 1217
450 469
920 923
482 483
676 677
796 803
252 255
1326 1329
577 579
1199 1205
803 815
212 221
688 689
16 17
677 679
1353 1361
1417 1420
586 604
1317 1326
95 48
527 530
1089 1097
346 347
702 706
1335 1344
665 666
1221 1223
448 456
932 936
324 330
548 550
1243 1248
382 386
125 132
587 588
951 956
936 937
498 499
805 806
456 460
1074 1082
1168 1183
792 794
1111 1114
250 254
588 592
758 760
1231 1235
620 625
1197 1198
107 108
48 55
784 792
806 810
241 246
136 138
55 59
625 627
1035 1049
160 161
697 702
238 240
906 908
1328 1335
766 767
80 84
992 998
369 375
292 296
760 766
46 48
287 290
1273 1277
606 608
869 872
202 210
891 902
335 339
482 485
347 349
64 75
420 423
485 487
290 292
660 665
223 227
1380 1386
612 620
469 471
1277 1278
794 805
1266 1273
175 178
757 758
88 90
1396 1403
695 696
221 223
872 879
976 981
1353 1363
386 400
608 612
232 238
406 409
260 267
247 249
830 845
970 976
272 279
424 431
1121 1125
135 136
318 322
405 406
1212 1214
1131 1133
1235 1243
1059 1060
541 543
316 318
642 651
301 303
193 196
311 313
431 442
658 660
75 80
998 1002
1363 1364
1114 1121
101 105
720 721
188 192
90 95
22 26
349 350
592 606
1348 1352
375 378
246 247
330 331
1153 1162
471 474
1202 1207
1423 1434
690 695
116 125
627 629
154 158
1014 1016
902 905
1021 1025
313 316
192 193
536 541
303 304
1417 1423
211 221
742 752
1214 1221
629 635
560 566
92 30
119 125
523 527
1136 1140
1062 1063
584 596
382 383
375 376
495 499
169 172
444 445
1006 1008
262 281
1115 1124
460 463
135 138
596 600
162 167
1269 1274
933 936
402 414
693 706
349 370
502 519
905 910
736 737
393 402
147 158
138 147
885 888
245 246
414 428
324 330
471 486
737 740
1249 1250
999 1000
376 380
563 579
445 446
58 61
755 759
1439 1440
129 131
874 881
489 492
535 539
627 638
380 382
1406 1409
374 375
1104 1106
539 540
55 58
291 299
97 119
1089 1095
1287 1291
318 322
1060 1062
1300 1304
579 584
830 833
840 843
611 619
796 802
1063 1069
843 844
708 718
172 175
989 994
1169 1173
720 721
1173 1176
994 999
330 342
1069 1075
884 885
46 48
1380 1382
600 611
486 489
1032 1044
305 310
246 247
317 318
888 889
1057 1060
3 8
1318 1337
1124 1131
247 259
1166 1169
233 245
882 884
759 764
654 660
1337 1347
302 305
315 317
889 904
1274 1280
922 929
48 51
428 430
1294 1297
945 948
740 743
446 451
663 678
1176 1194
771 772
1358 1373
1423 1428
464 471
371 374
619 627
1250 1252
51 53
1252 1254
230 233
1389 1406
818 830
0 2
180 540
540 900
6 82
521 523
108 109
188 189
83 84
1290 1292
523 527
189 196
374 383
151 152
365 369
89 91
295 300
294 295
437 438
816 818
1110 1122
870 878
1431 1440
559 561
878 880
552 559
383 385
1162 1185
31 32
16 17
480 484
159 160
934 938
1294 1296
840 849
56 58
774 798
28 31
1185 1188
866 870
682 684
853 865
1292 1294
978 980
234 236
1247 1259
799 800
612 621
922 931
1385 1387
160 171
1076 1088
76 79
1419 1428
41 42
236 244
564 567
651 652
640 647
1280 1290
350 354
1371 1373
512 515
369 374
231 234
268 279
97 108
981 988
544 545
621 622
1384 1385
727 760
42 56
1296 1299
622 624
32 41
1330 1343
396 401
894 900
1039 1040
1259 1280
1089 1091
938 950
1411 1415
723 727
561 564
503 512
664 665
388 396
883 894
1045 1049
1009 1010
1343 1366
32 82
1134 1142
1218 1227
916 918
424 428
1372 1373
977 986
108 113
687 699
1238 1247
191 195
1377 1386
1302 1307
674 678
1348 1355
419 424
208 210
391 393
542 551
113 115
306 316
1181 1184
733 745
875 880
269 280
346 352
1295 1302
477 484
678 686
1101 1107
428 432
439 449
1157 1160
885 888
534 535
12 20
484 489
80 86
302 305
365 366
22 30
20 21
938 945
167 180
1408 1420
1133 1134
785 787
489 524
888 904
1164 1174
75 80
379 386
1286 1295
992 993
605 606
1018 1031
434 439
1031 1032
1117 1120
355 365
1037 1040
1373 1374
535 542
459 463
432 434
1196 1198
997 1008
205 208
583 603
532 534
71 75
1282 1283
296 302
1247 1252
945 952
1186 1189
474 477
1401 1403
1008 1009
1390 1393
369 379
233 238
1122 1129
961 967
1174 1181
1151 1157
1322 1330
1252 1262
1065 1073
180 183
1109 1110
699 707
386 388
1399 1401
352 355
1434 1439
124 126
1091 1101
906 916
397 400
603 605
1283 1286
660 674
1078 1091
924 933
1227 1229
1439 1440
754 755
326 327
993 995
1051 1052
323 326
366 369
1393 1395
825 843
0 2
540 900
179 539
16 50
775 781
42 52
709 718
529 535
206 218
285 289
1279 1282
1282 1287
949 973
298 301
934 946
1200 1202
96 98
825 826
183 201
746 748
166 169
1178 1180
718 735
388 415
467 468
790 799
468 476
496 499
301 305
218 232
871 876
986 992
893 909
1134 1153
1405 1418
500 507
1219 1234
601 647
375 379
465 467
773 775
277 285
837 843
803 811
1424 1440
1159 1166
372 375
932 934
86 96
748 751
9 23
415 426
305 314
973 986
1347 1362
158 166
98 107
232 241
448 457
479 491
744 746
571 590
289 297
851 852
259 277
735 744
64 70
241 244
764 770
314 317
78 25
312 319
720 731
840 841
617 634
145 148
1119 1121
1130 1132
135 137
470 471
936 940
1348 1349
430 433
878 892
802 806
291 302
838 840
319 324
1345 1348
169 174
787 790
120 125
637 640
658 661
82 96
737 756
1377 1382
529 530
324 326
15 27
816 817
1057 1087
1191 1224
841 852
777 781
326 329
372 373
1277 1281
236 237
927 929
1321 1329
1235 1237
830 836
421 430
1309 1321
1354 1356
373 378
986 987
762 777
781 782
140 145
822 830
756 758
1259 1261
482 485
505 529
1237 1244
640 651
661 664
562 570
184 190
875 878
1263 1274
7 9
80 82
9 15
137 140
1109 1119
1411 1426
61 69
1127 1130
914 927
148 150
711 720
1274 1275
410 411
1275 1277
1093 1109
593 600
480 482
797 802
993 1028
358 363
907 914
901 903
614 617
893 898
72 77
393 407
338 339
70 72
1034 1035
1383 1386
1426 1440
817 822
1132 1134
1356 1373
485 486
860 871
221 222
790 797
1036 1049
1338 1341
1138 1158
2 0
1079 1429
0 360
