100
100 1
100
10 3
20 3 15
438905 2
835611 953455
745292 2
565778 795791
448532 3
736038 370985 833976
432671 1
78199
847917 3
882371 561190 977442
737617 3
228333 535775 999260
315019 5
918755 851028 293631 67982 24118
27034 2
319585 54949
410497 4
407058 283838 725686 519990
1000000 5
1000000 1000000 1000000 1000000 1000000
733759 5
678283 696323 196590 222076 475600
537003 3
853199 169617 647809
4 5
730 857 420 566 379
547594 5
69514 335340 369883 276025 140528
1000000 1
999999
180841 5
298023 264251 155310 276139 280436
1000000 5
837232 459346 700311 174439 778117
16122 3
97235 574087 103395
1 5
1 1 1 1 1
257098 3
335737 126335 934143
1 5
1000000 1000000 1000000 1000000 1000000
182653 2
618741 874958
1 5
773371 630904 380983 396692 992371
398415 5
259148 227228 148209 248703 94583
368272 5
496026 934378 349257 67136 667407
10 5
5 5 5 5 10
168599 3
301032 482223 490018
690561 4
843387 56041 905751 96690
90103 5
442726 630600 755696 791369 844404
464633 2
54759 733030
208791 3
265566 199859 208051
594454 5
69083 746703 430391 124031 463644
408438 4
314442 924704 847070 747112
2 5
2 3 3 1 2
7 5
213 113 92 390 281
913122 3
412176 850280 878006
11 5
5 5 5 5 10
879075 5
940101 911830 901393 786993 668154
735592 2
74982 449423
467356 5
370115 380400 686890 988617 996247
1000000 5
584866 757024 177634 848991 789556
3 4
2 2 2 3
698839 3
253304 684544 244177
2 4
2 2 2 6
580082 5
132309 73561 372501 145339 80015
988208 5
371097 744864 256988 714889 17832
8 5
250 350 285 376 209
3 4
2 2 2 4
622058 5
954056 867168 925402 138562 807268
437065 5
869830 789007 670448 662127 379544
170312 5
666981 388561 194429 518009 456543
1000000 5
488060 137080 727111 374067 896678
313609 2
566530 863392
250728 1
613174
412666 4
822197 769576 772404 394589
795809 5
94745 166107 13722 361717 381606
1 5
620 218 305 551 298
731803 1
408229
344404 1
321420
1000000 5
224476 460451 199331 504304 806512
405189 5
106629 266182 545306 922542 961861
973530 4
67826 744888 236994 70727
3 3
1 1 100
336707 2
840770 87274
10 5
6 28 68 219 165
1000000 1
1000000
277834 1
876280
866228 3
489382 659089 143123
7 5
1 2 2 1 2
869093 1
135173
756617 2
758162 2880
656286 5
756690 421836 406504 887529 880580
266973 5
800215 798366 699148 462832 203685
325801 5
959681 906403 802361 635819 447052
1000000 5
839809 270485 424393 304140 268419
6 5
2 2 2 1 2
409733 2
676129 341450
244311 5
460893 322009 203991 367296 640722
772532 5
393363 174128 377260 378133 381002
172332 1
976410
2 5
1 1 1 1 1
2 5
7 6 9 1 7
278781 4
670676 455964 946187 361843
818287 3
313178 890390 268781
917220 1
213403
761003 2
677046 178527
588192 4
642876 483169 954823 37233
306481 3
81653 506432 998602
1000000 5
1 1 1 1 1
666279 4
346359 756705 763513 436797
406875 5
144420 215056 254610 782193 994003
1 5
1 3 1 3 1
11 5
10 5 5 5 5
477632 2
74465 975005
899834 5
119671 593299 614310 701148 701562
7 5
1 4 3 5 4
38888 1
628474
564127 3
90421 653569 57920
