100
100 1
100
10 3
20 3 15
6 5
449 390 555 280 479
109944 4
821389 881940 507138 846694
471060 5
930791 604860 199320 155390 126509
790994 2
586370 129818
143587 4
143113 987374 998173 831928
94598 1
845255
446768 5
254571 424923 586875 747246 847076
917338 1
711401
11 5
10 5 5 5 5
501890 2
729912 812078
2 4
2 2 2 6
1000000 5
1 1 1 1 1
296518 3
132400 15783 282040
750835 4
338234 172464 258242 136255
567948 5
376818 27068 584151 567527 471095
602788 4
444878 102835 737214 275286
977976 5
268148 186049 440455 529207 842029
674357 5
927676 794284 787754 541250 331827
3 4
2 2 2 3
3 3
1 1 100
721586 5
136894 268396 388264 484971 620447
794592 3
623598 362124 772567
507407 4
281670 309667 835836 25005
13017 2
631757 276342
552243 3
950674 690552 21234
3 4
2 2 2 4
464964 5
906172 649762 228403 396277 666578
530646 1
430910
2 5
6 6 9 2 9
465734 1
769949
1000000 5
887216 163022 241093 762663 952554
294829 5
178544 207549 621899 749739 861000
3 5
5 3 4 2 3
10 5
266 58 495 142 440
518207 1
182542
4 5
2 2 2 3 1
1000000 5
42291 245482 488095 932344 48898
1000000 5
1000000 1000000 1000000 1000000 1000000
134427 2
314057 372395
295133 4
892743 336927 632873 774682
414220 5
737514 544827 449625 401877 73154
876886 3
409165 330652 426137
3 5
1 1 2 2 1
1000000 1
1000000
62972 5
981759 355193 800485 42937 273421
11 5
5 5 5 5 10
1 5
1 1 1 1 1
184649 3
51631 491150 89264
89863 3
541874 899567 559701
643913 3
323327 973576 836800
948494 1
418736
744708 3
655981 9492 100342
610429 5
161259 603281 339007 39542 357305
573388 5
338489 60692 71508 325737 23812
525819 2
303826 263428
347197 5
488467 861704 418813 959911 431623
1 5
857784 184341 247033 647950 735019
757787 5
441003 468991 736557 811339 708679
116095 5
232849 842677 367934 79973 423337
1000000 5
140306 151870 758310 670177 961803
295566 5
997318 772440 471445 71617 53568
15768 2
460529 349475
662968 5
83203 483515 273178 68781 550405
955323 5
71797 255532 242456 233599 350360
811076 4
875897 403083 600605 461029
7 5
39 82 473 425 143
549251 4
192623 702982 884477 499968
118069 3
222986 754994 192888
3 5
1 1 1 1 1
479566 1
951192
997423 5
330773 251840 165510 158006 64309
728578 5
878283 754024 19612 238699 749942
2 5
1 1 1 1 1
1000000 1
999999
10 5
5 5 5 5 10
504182 4
172651 236237 623321 133880
204758 5
95203 128724 285957 247756 250309
89165 2
571057 383704
629548 2
576963 93859
346159 1
38642
432329 5
878162 12344 220083 944241 925476
3 5
334 102 887 450 551
1000000 5
166644 760270 21671 995912 187249
548172 2
213022 937304
1 5
46 30 81 76 51
558468 1
510213
7 5
1 1 1 1 1
765709 5
306166 118386 167746 15696 237907
613842 3
46290 686781 941270
725094 1
48870
253698 5
101633 11909 4282 150531 263100
803170 5
33796 494494 497891 564470 985523
723202 4
710149 957087 547013 839283
1 5
1000000 1000000 1000000 1000000 1000000
837144 2
604616 612951
550539 2
447010 558455
1000000 5
248007 404065 609513 900861 309531
534840 5
16204 113719 118913 501066 587522
