100
100 1
100
10 3
20 3 15
293069 1
343120
765194 5
724617 103241 996764 10587 449387
7475 5
901084 857452 71181 317365 317605
705224 4
186018 60745 531920 922567
898367 5
95177 76603 93569 44356 119460
388336 5
890616 866236 810922 583738 830631
437778 5
166554 288672 220737 25692 33052
914184 2
66686 37464
220198 4
426552 183379 786749 26118
394420 5
847797 595171 519661 639438 673902
1000000 5
757037 354950 298761 917072 411850
7 5
67 22 58 38 195
1000000 5
644005 71823 774302 65326 942787
290120 5
853179 353357 206880 297086 228467
7 5
4 4 2 1 2
424436 5
593866 967571 852986 117692 868654
1000000 5
686604 169456 175955 657488 597858
1 5
454533 428403 762906 501250 598191
3 4
2 2 2 4
902834 4
592596 356683 50200 599567
1 5
1 1 1 1 1
29794 1
35279
231650 1
709315
150028 5
459595 360014 855012 997556 728506
2 5
1 1 1 1 1
595409 4
776240 827500 579121 60466
248123 2
540982 71020
11 5
10 5 5 5 5
920918 2
61510 985540
982229 5
910035 785157 613158 485722 339474
389178 5
606859 996874 173217 872819 249951
736726 1
692160
396817 4
14104 705500 220882 391769
299647 3
136913 789925 930285
8 5
378 541 395 143 215
10 5
5 5 5 5 10
1000000 1
999999
965739 5
288384 289985 383101 16586 60656
435000 3
659694 785989 916769
90420 5
985816 101191 909360 144463 358178
11 5
5 5 5 5 10
854320 5
76258 83062 154768 630639 852058
6 5
266 80 56 132 119
145562 5
422586 176771 964396 439696 438607
9 5
1 1 2 2 2
2 4
2 2 2 6
428902 3
547355 899930 460154
103258 4
260284 699889 186993 236455
659283 5
145652 331442 147861 158467 25312
1000000 1
1000000
625202 2
327871 890556
271153 5
511286 204532 47788 211174 907877
498951 5
73477 231571 285971 829795 264708
815280 2
66377 77895
162889 5
264301 52038 221041 378511 107250
715551 5
519614 761054 845060 429649 62562
617299 5
775993 108129 665086 503519 532357
252394 3
138639 52422 174960
866730 5
732759 603973 400002 293957 204737
182973 5
991209 818941 642296 417550 256987
2 5
2 1 2 1 2
938861 5
158738 196048 309722 421412 730671
1000000 5
1000000 1000000 1000000 1000000 1000000
745450 5
977152 567384 459820 450289 221741
49264 5
608890 791642 562380 135829 241028
119028 4
769936 44109 515845 784039
2 5
3 10 2 2 9
115443 4
984513 352608 963239 579683
50012 3
307713 377666 588675
17111 3
745485 993794 159396
934692 5
215355 615248 803009 77662 130664
3 3
1 1 100
174131 3
845650 619243 562751
3 4
2 2 2 3
314254 1
998482
983713 5
767875 656209 50089 362121 176711
153634 3
184946 991281 945966
284071 1
884274
712203 5
531008 181675 270669 756319 516786
9 5
253 843 320 167 620
39267 5
657542 976629 439268 261515 225739
1000000 5
61031 719502 10825 494960 349180
293871 5
272653 626686 755788 773171 987251
1000000 5
843261 998286 924471 870730 896464
690910 3
733323 517541 421581
1 5
1000000 1000000 1000000 1000000 1000000
2 5
2 1 1 3 3
481770 2
181237 681372
526506 5
212749 274088 466567 884086 962781
2 5
2 1 1 2 2
292706 2
286491 593631
1 5
161 92 345 596 52
444794 1
593548
1000000 5
1 1 1 1 1
22344 2
305171 882412
744381 5
281362 302646 467015 470249 537088
465657 3
796096 417006 528713
636856 5
927555 916760 906721 875110 63255
