100
20
1
123
10111011
011000000
100000100
001000001
332100000
010100000
0441
100
000010001
321000000
110000
421100000
001111
000101000
010000
331633
07528061
000011000
010024002
000000101
1100
10100312
11
0100000
000000011
900000000
000100001
411111000
000103
224133
1000105
11111
001100000
100000010
001001000
010000100
101000000
522000000
1140100
01000000
33320
1000000
12010101
321111000
010000000
1111
10000
1111111
000100100
110
000110000
000001010
010
1545030
1000
011210
111111111
111
1100000
010000010
010010000
112
21333541
402000
100100000
000100010
201010
100000001
111111
000000110
100001000
11111111
001000100
000010010
110000000
00050
11000
01
100000000
74463171
131304
000001001
100000
010000001
0100
01000
001010000
111100000
100010000
200100201
010001000
000010100
11000000
10000000
000001100
001000010
10
