100
20
1
123
10000
102
0004
023
20000
11100
15553
0020
0013
00050
00110
50000
01031
003
1100
01201
10112
00101
010
002
0300
201
10010
2200
10
40010
01000
21011
00010
30020
100
20101
300
00041
21100
10022
01
31100
0111
21001
20100
030
11110
34055
05532
0103
01001
101
00011
40450
0210
01121
00004
10030
4000
1102
1201
0100
0112
21110
0102
1111
0022
011
40000
11000
01100
0110
1000
3133
0021
0211
2100
1444
04010
03001
11111
12002
30200
110
3010
10001
41000
0200
021
22415
01010
0031
11
1101
120
103
2002
111
230
10100
10301
