100
20
1
123
303
111
21000
01000
2200
0004
11201
2001
10001
1030
22100
00011
04010
01001
11111
4000
00101
3100
0300
120
02020
010
00110
2002
011
10010
1012
31000
0012
210
34452
05000
100
300
01301
30000
10030
012
0130
12101
0010
00031
1200
51521
0112
00004
21020
01010
020
0400
0021
1111
10000
0022
00041
11000
11
02210
32000
00023
02100
201
01200
01100
41214
021
00032
1003
1002
2102
11100
10
01
4110
01011
0100
33055
10100
25510
20044
1000
02030
0111
030
0220
20003
101
1100
11300
40240
50000
31100
002
110
21100
00104
11003
