100
20
1
123
300
01
4433
00110
20021
0001
0300
11000
010
12001
221
0002
213
00011
3010
01000
00200
4123
00014
101
0120
10001
0004
11
10
00005
0011
00030
0040
200
2200
201
1111
0102
21101
020
10400
02120
31000
2002
20012
30020
01201
021
2020
22000
01100
001
21000
00311
20020
11200
22100
00221
110
013
10100
22001
20053
00101
1200
01300
11111
4003
12100
1010
111
10000
0200
15352
203
1100
1101
003
20011
00012
01001
41000
2000
01010
210
1030
00220
10003
030
00031
1011
0003
01030
100
1000
0100
10010
00002
1020
002
2101
