100
4 4
1.4000
0.5000 0.7000 0.8000 0.6000
2 2
1.0000
0.0000 0.0000
2 2
0.0000
0.9000 0.8000
2 2
0.1000
0.4000 0.5000
46 46
22.7736
0.9397 0.8108 0.8020 0.4548 0.5448 0.1866 0.1727 0.6456 0.3684 0.3806 0.3331 0.4749 0.5411 0.9030 0.7751 0.7116 0.3186 0.3535 0.5370 0.0254 0.1176 0.0044 0.1372 0.6189 0.6062 0.2797 0.2560 0.1950 0.5083 0.6530 0.1799 0.0121 0.3066 0.0634 0.2205 0.9937 0.6742 0.8383 0.1448 0.2499 0.3144 0.1053 0.2451 0.9682 0.9070 0.1375
48 48
13.9463
0.1144 0.9754 0.8778 0.9925 0.9065 0.7896 0.0960 0.5349 0.6536 0.7743 0.5014 0.3246 0.2818 0.7383 0.5519 0.1422 0.8974 0.4397 0.5269 0.1077 0.1045 0.1162 0.1645 0.8892 0.9058 0.1395 0.7607 0.5057 0.8215 0.8421 0.4030 0.6899 0.4968 0.2408 0.3516 0.7053 0.7632 0.8544 0.6499 0.8274 0.8015 0.4358 0.3664 0.6766 0.6817 0.9413 0.8130 0.7842
50 50
18.8429
0.4310 0.5243 0.5312 0.2685 0.1372 0.5985 0.7828 0.8544 0.3721 0.4098 0.6848 0.4906 0.1088 0.1864 0.9903 0.4200 0.9367 0.1900 0.2005 0.0264 0.4362 0.2365 0.8964 0.6664 0.0036 0.1906 0.2374 0.0260 0.6448 0.7064 0.5628 0.2692 0.9974 0.6593 0.9455 0.3689 0.8050 0.3421 0.0237 0.6166 0.1820 0.5509 0.0705 0.0109 0.5145 0.2782 0.7073 0.0145 0.3927 0.2519
50 50
50.0000
0.0000 0.0000 0.0000 0.0000 0.0000 0.0000 0.0000 0.0000 0.0000 0.0000 0.0000 0.0000 0.0000 0.0000 0.0000 0.0000 0.0000 0.0000 0.0000 0.0000 0.0000 0.0000 0.0000 0.0000 0.0000 0.0000 0.0000 0.0000 0.0000 0.0000 0.0000 0.0000 0.0000 0.0000 0.0000 0.0000 0.0000 0.0000 0.0000 0.0000 0.0000 0.0000 0.0000 0.0000 0.0000 0.0000 0.0000 0.0000 0.0000 0.0000
48 48
14.5753
0.9649 0.6322 0.0745 0.8305 0.8874 0.6550 0.7648 0.4702 0.3509 0.7406 0.8274 0.6761 0.0855 0.1161 0.1375 0.6938 0.7138 0.0503 0.7113 0.4418 0.9491 0.2346 0.3543 0.6480 0.9094 0.9834 0.9378 0.3677 0.7812 0.3287 0.0157 0.5887 0.9523 0.7754 0.4302 0.8708 0.5574 0.9144 0.3512 0.2513 0.9032 0.0481 0.3420 0.7362 0.1997 0.2996 0.4980 0.5074
50 50
20.8211
0.0701 0.3457 0.2349 0.1698 0.1373 0.6227 0.0029 0.3097 0.7557 0.0118 0.5330 0.8886 0.4679 0.1997 0.8304 0.3439 0.2701 0.5270 0.1488 0.5332 0.7718 0.6241 0.1577 0.7785 0.8474 0.6820 0.1725 0.5006 0.2603 0.4067 0.4755 0.9876 0.0264 0.3430 0.3543 0.7908 0.5034 0.4538 0.3061 0.3632 0.9067 0.4546 0.7513 0.1323 0.1901 0.3718 0.5911 0.3757 0.8796 0.3905
50 50
19.5267
0.6243 0.2335 0.8650 0.5281 0.2080 0.9053 0.8490 0.4794 0.8736 0.5494 0.2877 0.4882 0.5013 0.9942 0.4268 0.7445 0.4890 0.0713 0.4911 0.2990 0.4807 0.8317 0.6882 0.4751 0.9557 0.9523 0.1489 0.4281 0.0725 0.2825 0.2022 0.7361 0.5466 0.3846 0.0625 0.7683 0.7507 0.3097 0.2823 0.5926 0.1945 0.3701 0.7139 0.7800 0.6469 0.7535 0.8171 0.7890 0.3583 0.0101
47 47
21.2993
0.4716 0.2927 0.1075 0.5366 0.0803 0.6660 0.4555 0.6654 0.5729 0.8997 0.2718 0.9703 0.3653 0.4205 0.8120 0.7946 0.2806 0.7478 0.0697 0.5794 0.0400 0.5841 0.9735 0.7434 0.6770 0.1140 0.4322 0.0774 0.0095 0.5441 0.5101 0.0265 0.9597 0.1837 0.0465 0.0381 0.1628 0.0982 0.3884 0.5413 0.8237 0.8156 0.4027 0.4118 0.3624 0.1702 0.1404
47 47
23.0514
0.3322 0.3015 0.7616 0.2569 0.5152 0.9331 0.6093 0.1930 0.0696 0.2206 0.8318 0.6525 0.5195 0.8704 0.2172 0.2227 0.2858 0.1471 0.8538 0.1396 0.8867 0.7962 0.0892 0.5775 0.5136 0.8983 0.3241 0.5664 0.1271 0.0471 0.4345 0.2025 0.6608 0.5302 0.0008 0.0137 0.7167 0.1465 0.0523 0.3618 0.2896 0.6214 0.2323 0.0936 0.8301 0.0421 0.5565
47 47
14.4156
0.9388 0.2039 0.3708 0.8983 0.3287 0.0661 0.8801 0.6194 0.8255 0.6904 0.9520 0.1353 0.6666 0.0281 0.6945 0.4773 0.8504 0.7816 0.9021 0.5719 0.4392 0.5271 0.4896 0.6594 0.3043 0.8635 0.5116 0.1527 0.5194 0.4090 0.5557 0.4555 0.1829 0.1569 0.8209 0.8923 0.4638 0.4020 0.9928 0.5582 0.6346 0.5530 0.5772 0.5633 0.2174 0.4306 0.4346
50 50
1.0000
0.0000 0.0000 0.0000 0.0000 0.0000 0.0000 0.0000 0.0000 0.0000 0.0000 0.0000 0.0000 0.0000 0.0000 0.0000 0.0000 0.0000 0.0000 0.0000 0.0000 0.0000 0.0000 0.0000 0.0000 0.0000 0.0000 0.0000 0.0000 0.0000 0.0000 0.0000 0.0000 0.0000 0.0000 0.0000 0.0000 0.0000 0.0000 0.0000 0.0000 0.0000 0.0000 0.0000 0.0000 0.0000 0.0000 0.0000 0.0000 0.0000 0.0000
46 46
17.3518
0.1491 0.6724 0.8259 0.5670 0.1794 0.5031 0.1919 0.5171 0.3327 0.6881 0.9084 0.7372 0.9751 0.1262 0.5163 0.8921 0.3351 0.3203 0.7761 0.5144 0.3877 0.3592 0.4731 0.5145 0.6048 0.8375 0.1154 0.5699 0.1003 0.6238 0.5362 0.0228 0.4250 0.0288 0.2559 0.0433 0.7039 0.4367 0.4478 0.1914 0.9980 0.8531 0.1192 0.1749 0.3451 0.1444
47 47
20.1827
0.9276 0.5501 0.6429 0.4291 0.4079 0.4382 0.3378 0.8440 0.2334 0.6629 0.1305 0.8310 0.3051 0.3891 0.6577 0.9864 0.9939 0.0696 0.2142 0.2492 0.1852 0.2358 0.2756 0.2427 0.2214 0.4780 0.6706 0.2363 0.7572 0.9392 0.1138 0.6084 0.1525 0.3598 0.2382 0.3407 0.0322 0.6693 0.2101 0.3207 0.2201 0.3566 0.4735 0.6913 0.4559 0.7125 0.7648
1 1
0.3333
0.0000
47 47
21.3665
0.8643 0.7941 0.2003 0.1511 0.9518 0.0530 0.8360 0.8525 0.8141 0.8858 0.2449 0.8343 0.2272 0.8314 0.9535 0.1588 0.0411 0.6541 0.5080 0.0173 0.5934 0.8434 0.8214 0.0482 0.5285 0.4323 0.0756 0.3013 0.8905 0.2162 0.2700 0.5277 0.0723 0.4671 0.8822 0.5779 0.3952 0.2637 0.8767 0.5859 0.1023 0.5795 0.6417 0.7851 0.8842 0.7055 0.3723
48 48
18.6645
0.2587 0.1494 0.1891 0.6517 0.6770 0.4009 0.5765 0.9401 0.6766 0.2531 0.5711 0.9497 0.5142 0.5742 0.4191 0.1143 0.6035 0.0689 0.2335 0.6894 0.7539 0.3887 0.4655 0.4626 0.4166 0.5648 0.6157 0.2609 0.8316 0.0217 0.6981 0.6927 0.4791 0.5354 0.6023 0.1498 0.8539 0.8641 0.2899 0.8201 0.4265 0.1892 0.9814 0.6774 0.3860 0.8038 0.4601 0.9411
48 48
22.3770
0.4197 0.9129 0.3876 0.5982 0.0040 0.6055 0.3684 0.8228 0.6333 0.3554 0.8341 0.8313 0.1693 0.0833 0.1209 0.6486 0.0652 0.2508 0.4462 0.3754 0.1167 0.4008 0.7652 0.6517 0.9960 0.2565 0.8218 0.7525 0.2932 0.1979 0.1370 0.3762 0.1202 0.4842 0.0640 0.3595 0.5370 0.9351 0.7290 0.7152 0.9994 0.0815 0.4156 0.8274 0.3650 0.1234 0.2692 0.0586
50 50
24.8802
0.4318 0.5950 0.6107 0.4526 0.6244 0.5291 0.8319 0.8174 0.4802 0.2206 0.3888 0.1450 0.2394 0.7094 0.7649 0.0727 0.1638 0.1941 0.5023 0.0047 0.3717 0.1276 0.6008 0.7697 0.5080 0.9602 0.5324 0.3242 0.4716 0.2897 0.6187 0.2233 0.0326 0.6777 0.2975 0.9082 0.9406 0.2990 0.0403 0.4402 0.4674 0.3856 0.1971 0.1943 0.8725 0.5222 0.7814 0.9093 0.0359 0.2889
50 50
15.8731
0.9191 0.7320 0.6236 0.6802 0.6086 0.3714 0.0496 0.1454 0.8812 0.4220 0.5738 0.3653 0.8497 0.6377 0.6537 0.2049 0.6285 0.8027 0.7459 0.1345 0.9054 0.8073 0.5816 0.5132 0.8415 0.6163 0.1679 0.1947 0.6794 0.1449 0.0738 0.8624 0.3389 0.8043 0.0656 0.2447 0.9759 0.9603 0.1174 0.6105 0.9413 0.1587 0.7610 0.9490 0.7455 0.3271 0.8904 0.2875 0.4700 0.9072
47 47
13.2619
0.6637 0.7147 0.9907 0.2489 0.9127 0.0869 0.2171 0.9671 0.5615 0.9230 0.8038 0.3474 0.9080 0.0761 0.8698 0.8798 0.7943 0.5311 0.3384 0.5408 0.8053 0.4488 0.5452 0.0539 0.1119 0.5719 0.8952 0.6137 0.7289 0.5665 0.1822 0.3826 0.3828 0.5207 0.9110 0.5602 0.5073 0.1753 0.9964 0.5357 0.5668 0.8039 0.4525 0.9083 0.8398 0.9757 0.3551
47 47
20.6253
0.7012 0.5556 0.1356 0.4339 0.1151 0.6885 0.2919 0.6707 0.9234 0.4214 0.0576 0.6948 0.7209 0.6967 0.6339 0.0385 0.2805 0.1681 0.6824 0.1472 0.7309 0.3986 0.3835 0.0302 0.5710 0.1579 0.0884 0.8808 0.6596 0.9290 0.1787 0.8132 0.3330 0.9029 0.7072 0.8754 0.7908 0.9969 0.5941 0.4684 0.5547 0.5327 0.4371 0.1543 0.8267 0.8806 0.1724
49 49
22.3683
0.4264 0.5452 0.7021 0.4916 0.0824 0.6416 0.9877 0.0945 0.3246 0.0130 0.8318 0.7371 0.2342 0.4497 0.4296 0.9340 0.6238 0.5551 0.8929 0.7245 0.3661 0.5107 0.9925 0.0930 0.3889 0.0959 0.6002 0.3410 0.1969 0.8016 0.7521 0.3579 0.7131 0.2488 0.0515 0.0952 0.7371 0.2468 0.3639 0.3603 0.0881 0.4155 0.4992 0.6382 0.0503 0.2620 0.0097 0.0066 0.8270
50 50
0.0000
0.8700 0.8700 0.8700 0.8700 0.8700 0.8700 0.8700 0.8700 0.8700 0.8700 0.8700 0.8700 0.8700 0.8700 0.8700 0.8700 0.8700 0.8700 0.8700 0.8700 0.8700 0.8700 0.8700 0.8700 0.8700 0.8700 0.8700 0.8700 0.8700 0.8700 0.8700 0.8700 0.8700 0.8700 0.8700 0.8700 0.8700 0.8700 0.8700 0.8700 0.8700 0.8700 0.8700 0.8700 0.8700 0.8700 0.8700 0.8700 0.8700 0.8700
50 50
0.0000
1.0000 1.0000 1.0000 1.0000 1.0000 1.0000 1.0000 1.0000 1.0000 1.0000 1.0000 1.0000 1.0000 1.0000 1.0000 1.0000 1.0000 1.0000 1.0000 1.0000 1.0000 1.0000 1.0000 1.0000 1.0000 1.0000 1.0000 1.0000 1.0000 1.0000 1.0000 1.0000 1.0000 1.0000 1.0000 1.0000 1.0000 1.0000 1.0000 1.0000 1.0000 1.0000 1.0000 1.0000 1.0000 1.0000 1.0000 1.0000 1.0000 1.0000
46 46
15.9365
0.9944 0.8927 0.9111 0.5533 0.5869 0.3295 0.2325 0.0674 0.5911 0.9789 0.9739 0.4390 0.8013 0.6568 0.1242 0.5175 0.7311 0.3215 0.7325 0.3002 0.5728 0.3224 0.7305 0.5506 0.4701 0.4105 0.5892 0.3976 0.6630 0.8082 0.7993 0.5337 0.8972 0.1401 0.7311 0.2135 0.6563 0.4638 0.1695 0.7658 0.3374 0.7912 0.1601 0.0484 0.1684 0.1446
48 48
17.5762
0.5414 0.5838 0.9322 0.6365 0.8995 0.4409 0.8911 0.2330 0.3445 0.6003 0.0144 0.5100 0.3142 0.2858 0.6779 0.8241 0.0236 0.0726 0.4871 0.0962 0.3185 0.3398 0.9238 0.1959 0.8156 0.7885 0.5742 0.3877 0.6148 0.9578 0.1149 0.9809 0.8831 0.8380 0.3351 0.9661 0.5313 0.4090 0.6040 0.8264 0.1279 0.1913 0.2050 0.2128 0.1281 0.6060 0.1907 0.2847
1 1
1.0000
0.0000
46 46
17.9280
0.6810 0.3478 0.4806 0.4418 0.5460 0.5912 0.3802 0.6296 0.9522 0.0396 0.9668 0.1617 0.0518 0.2425 0.8403 0.8407 0.3871 0.9252 0.4560 0.8509 0.6811 0.5077 0.1868 0.1039 0.1263 0.3948 0.3454 0.2234 0.3139 0.8177 0.2657 0.9970 0.5737 0.6685 0.1655 0.6323 0.5341 0.3402 0.0902 0.3507 0.8220 0.2758 0.2508 0.8434 0.4930 0.6427
47 47
18.2938
0.9834 0.3916 0.4888 0.3114 0.1554 0.3239 0.7804 0.3433 0.8586 0.4848 0.8248 0.9108 0.9167 0.3943 0.5328 0.2399 0.6053 0.3212 0.3886 0.1438 0.9929 0.3020 0.1466 0.4038 0.5780 0.8943 0.5655 0.0372 0.8442 0.1675 0.3175 0.4204 0.8801 0.8700 0.0878 0.7799 0.0101 0.4060 0.8809 0.9880 0.4131 0.4822 0.0914 0.3008 0.9044 0.2116 0.5525
49 49
22.5684
0.8985 0.0169 0.8209 0.1083 0.9462 0.0185 0.4436 0.7836 0.7248 0.3479 0.6671 0.8448 0.9446 0.5006 0.9321 0.1626 0.6169 0.9043 0.9797 0.3236 0.2706 0.3192 0.2215 0.7960 0.3212 0.0667 0.6714 0.6633 0.2208 0.6797 0.2666 0.7430 0.3820 0.2038 0.0312 0.2111 0.0377 0.7334 0.0800 0.6609 0.5516 0.4819 0.1313 0.0725 0.0583 0.8849 0.2267 0.1250 0.4101
4 4
0.0001
0.0000 0.0000 0.0000 0.0000
4 4
1.3999
0.8000 0.5000 0.7000 0.6000
50 50
20.1320
0.1016 0.3620 0.0100 0.7601 0.5861 0.0892 0.6626 0.0660 0.9223 0.2525 0.9793 0.4271 0.4493 0.0201 0.2596 0.5009 0.4371 0.0506 0.8494 0.1345 0.6069 0.0458 0.6661 0.5032 0.4862 0.0135 0.9476 0.1535 0.4400 0.6436 0.3791 0.1951 0.4675 0.8349 0.2604 0.2237 0.2378 0.7069 0.2854 0.6254 0.4078 0.7587 0.3852 0.4448 0.0182 0.3566 0.0893 0.8215 0.0510 0.4649
1 1
0.5000
0.5000
50 50
33.3350
0.3333 0.3333 0.3333 0.3333 0.3333 0.3333 0.3333 0.3333 0.3333 0.3333 0.3333 0.3333 0.3333 0.3333 0.3333 0.3333 0.3333 0.3333 0.3333 0.3333 0.3333 0.3333 0.3333 0.3333 0.3333 0.3333 0.3333 0.3333 0.3333 0.3333 0.3333 0.3333 0.3333 0.3333 0.3333 0.3333 0.3333 0.3333 0.3333 0.3333 0.3333 0.3333 0.3333 0.3333 0.3333 0.3333 0.3333 0.3333 0.3333 0.3333
46 46
18.8602
0.3271 0.6709 0.1372 0.4009 0.3326 0.7183 0.5604 0.2317 0.3111 0.2021 0.6425 0.0573 0.0266 0.4825 0.5946 0.0804 0.7606 0.9649 0.0061 0.6714 0.6728 0.1336 0.8961 0.4215 0.7554 0.7006 0.9319 0.8993 0.8580 0.5149 0.2845 0.4808 0.9903 0.3019 0.0195 0.1647 0.6736 0.7442 0.1751 0.0727 0.4479 0.6126 0.6826 0.6541 0.7003 0.6321
46 46
18.0556
0.0511 0.0675 0.1401 0.1039 0.9683 0.9054 0.9344 0.8421 0.6641 0.7704 0.2628 0.4505 0.7231 0.0027 0.8411 0.6605 0.5821 0.3406 0.3681 0.2277 0.4859 0.9540 0.4017 0.4941 0.6580 0.7499 0.0752 0.6164 0.6320 0.0441 0.5019 0.4158 0.5125 0.1429 0.7819 0.1502 0.1404 0.9497 0.7038 0.1942 0.7617 0.8928 0.7386 0.4703 0.5123 0.4571
46 46
18.9818
0.9393 0.9369 0.4054 0.3898 0.0890 0.7749 0.7528 0.7874 0.5593 0.0750 0.8962 0.4052 0.1035 0.7326 0.5074 0.8225 0.4159 0.9276 0.3321 0.1801 0.3330 0.1782 0.9288 0.3677 0.4662 0.4759 0.4122 0.0391 0.5559 0.5205 0.0359 0.4202 0.3712 0.9620 0.4061 0.3349 0.7416 0.3787 0.2383 0.8703 0.7096 0.2146 0.0311 0.7124 0.9482 0.5196
1 1
0.3333
0.5000
49 49
19.1874
0.6713 0.4103 0.4333 0.6968 0.6720 0.6967 0.1872 0.6262 0.1027 0.5679 0.3615 0.7539 0.4308 0.0279 0.8896 0.6648 0.0984 0.2575 0.8691 0.2675 0.4033 0.4447 0.6611 0.5112 0.8790 0.4402 0.3902 0.0932 0.8325 0.0649 0.5168 0.0306 0.6414 0.3443 0.1208 0.3842 0.2158 0.3194 0.7597 0.4101 0.7990 0.7405 0.8324 0.8731 0.4564 0.2043 0.8201 0.8733 0.3343
47 47
15.5248
0.4388 0.5015 0.7891 0.7532 0.0909 0.3478 0.8004 0.7779 0.6004 0.9127 0.8720 0.2882 0.2203 0.3124 0.0802 0.5453 0.6015 0.1613 0.1291 0.2368 0.9004 0.8732 0.7445 0.8814 0.7450 0.1201 0.5504 0.5135 0.5669 0.0513 0.5894 0.5666 0.1016 0.5525 0.7445 0.8255 0.6187 0.8732 0.8315 0.5198 0.5320 0.0337 0.6522 0.5786 0.1819 0.6332 0.4885
49 49
2.2603
0.4606 0.8561 0.5165 0.6125 0.6857 0.2831 0.5352 0.7932 0.5347 0.2235 0.5095 0.8378 0.6873 0.2062 0.4795 0.0852 0.2017 0.5154 0.1762 0.1679 0.4581 0.8691 0.1329 0.6942 0.3850 0.2869 0.3106 0.7444 0.7961 0.2368 0.6047 0.5509 0.7001 0.8491 0.7064 0.9229 0.8354 0.7213 0.3545 0.0739 0.0706 0.4266 0.4856 0.7694 0.4379 0.7481 0.5337 0.7809 0.1160
47 47
19.7608
0.2065 0.5359 0.9162 0.9067 0.8075 0.5826 0.1986 0.5874 0.5746 0.2562 0.9369 0.5965 0.0560 0.9476 0.7577 0.2155 0.4501 0.3183 0.1318 0.9442 0.1804 0.1185 0.9891 0.1121 0.4061 0.2096 0.1818 0.4842 0.8286 0.8603 0.3895 0.1609 0.1270 0.9546 0.0855 0.2961 0.4089 0.0335 0.3959 0.5859 0.9541 0.6347 0.5250 0.0956 0.1604 0.1487 0.5073
45 45
15.7935
0.9348 0.7076 0.2856 0.4567 0.6423 0.2640 0.6433 0.9948 0.0407 0.5626 0.8965 0.0432 0.8569 0.8313 0.4815 0.4981 0.5047 0.9402 0.0581 0.2527 0.8579 0.1299 0.3100 0.1016 0.9938 0.3714 0.9217 0.8507 0.0810 0.2582 0.3640 0.9561 0.1738 0.3482 0.5865 0.0202 0.5555 0.6328 0.9799 0.2959 0.9252 0.2438 0.6200 0.2548 0.3583
46 46
20.2409
0.3994 0.7302 0.5975 0.3326 0.6278 0.6127 0.6752 0.7886 0.5650 0.5827 0.0250 0.9432 0.5778 0.8416 0.5024 0.4540 0.3085 0.3681 0.9810 0.3673 0.1288 0.9431 0.0062 0.6718 0.8747 0.0297 0.6401 0.0421 0.3353 0.2889 0.6024 0.7718 0.2347 0.3764 0.9074 0.5377 0.8304 0.3803 0.0989 0.1944 0.7847 0.2068 0.1803 0.8228 0.6419 0.5181
48 48
18.3582
0.0134 0.1175 0.4230 0.7601 0.9365 0.6158 0.8164 0.3605 0.9457 0.3200 0.8975 0.5098 0.2931 0.2128 0.9831 0.4779 0.4845 0.7074 0.3655 0.9136 0.1064 0.9778 0.5657 0.5778 0.5698 0.4465 0.2250 0.9340 0.3865 0.3961 0.5520 0.8821 0.5450 0.9492 0.2307 0.7815 0.7208 0.4130 0.9894 0.3350 0.0198 0.1128 0.1424 0.2037 0.5523 0.4931 0.1612 0.7306
50 50
23.6573
0.7403 0.3715 0.3565 0.7851 0.7191 0.5140 0.3052 0.2713 0.1745 0.7399 0.9841 0.9021 0.6225 0.4083 0.1134 0.6185 0.4223 0.8122 0.1005 0.4350 0.5766 0.8318 0.9467 0.7605 0.5641 0.5180 0.2031 0.3913 0.3175 0.4386 0.4622 0.6120 0.1586 0.9010 0.2319 0.9882 0.4682 0.3284 0.7575 0.2176 0.8751 0.5047 0.9359 0.2093 0.0457 0.6926 0.0900 0.4184 0.3304 0.1547
45 45
19.1578
0.8708 0.4272 0.7638 0.6169 0.4962 0.5715 0.6434 0.4976 0.5655 0.2038 0.6706 0.0117 0.6516 0.8862 0.4551 0.3673 0.0308 0.9928 0.7144 0.5979 0.8843 0.8856 0.3545 0.9861 0.6103 0.5321 0.2214 0.5902 0.2913 0.6744 0.2741 0.1778 0.3575 0.5916 0.3059 0.1962 0.6627 0.2609 0.7882 0.3753 0.7201 0.2528 0.8680 0.7490 0.0493
45 45
18.2785
0.3560 0.5871 0.8139 0.7998 0.0782 0.5548 0.2569 0.7376 0.6071 0.1393 0.3695 0.6442 0.7041 0.7600 0.1013 0.1946 0.1114 0.0670 0.0606 0.1512 0.8824 0.8412 0.4905 0.9533 0.2660 0.2097 0.9460 0.5833 0.7367 0.4109 0.7898 0.6790 0.7055 0.2664 0.5603 0.3445 0.0933 0.4666 0.1558 0.0322 0.9746 0.4192 0.8046 0.1853 0.5133
49 49
21.0649
0.7571 0.4234 0.3544 0.7929 0.8675 0.1478 0.6600 0.6205 0.5560 0.6529 0.0479 0.4695 0.1803 0.1626 0.3680 0.7262 0.0893 0.5918 0.8993 0.2554 0.0690 0.7004 0.8279 0.2550 0.9643 0.2655 0.0963 0.1384 0.4039 0.5820 0.5018 0.2907 0.6561 0.9756 0.8163 0.1945 0.2715 0.1864 0.2589 0.8828 0.6972 0.9217 0.8324 0.0613 0.1263 0.9271 0.8095 0.8325 0.3180
48 48
17.3385
0.1099 0.7328 0.6816 0.8061 0.0291 0.5735 0.2230 0.9276 0.7571 0.0485 0.9173 0.6753 0.2577 0.7044 0.4931 0.9301 0.5078 0.1119 0.1067 0.9008 0.8578 0.7432 0.8193 0.1799 0.8778 0.4855 0.9677 0.2341 0.9122 0.3859 0.1534 0.9861 0.9345 0.0816 0.1012 0.4322 0.9321 0.4409 0.9003 0.2915 0.9313 0.8590 0.2634 0.0999 0.3996 0.0463 0.6165 0.7154
2 2
0.3333
0.0000 0.0000
47 47
18.3789
0.7719 0.4588 0.2861 0.2997 0.9990 0.0257 0.5493 0.6381 0.2273 0.6420 0.1613 0.9232 0.1211 0.8717 0.7140 0.4270 0.3116 0.8306 0.5679 0.9886 0.8762 0.2048 0.9334 0.8205 0.8984 0.4013 0.7485 0.9743 0.4844 0.5179 0.2100 0.4157 0.5859 0.1257 0.7705 0.1484 0.7010 0.6422 0.0989 0.3319 0.7981 0.8315 0.5993 0.4767 0.5808 0.9554 0.5174
48 48
20.8444
0.9436 0.2397 0.0230 0.9918 0.3759 0.3062 0.0182 0.6256 0.1814 0.3403 0.4944 0.5287 0.1563 0.3527 0.1185 0.3125 0.7486 0.7806 0.2448 0.2715 0.5407 0.6847 0.3456 0.1322 0.6060 0.9258 0.2309 0.7578 0.4743 0.0392 0.0741 0.2171 0.7637 0.3076 0.8785 0.2458 0.9209 0.8709 0.7058 0.0456 0.8609 0.2111 0.8755 0.0531 0.0665 0.1104 0.8494 0.5038
47 47
0.5837
0.0304 0.7167 0.5026 0.6586 0.3682 0.3793 0.6248 0.2916 0.8003 0.9160 0.9918 0.7999 0.9137 0.2637 0.8463 0.6048 0.5373 0.1291 0.3602 0.7741 0.4740 0.2756 0.2976 0.3950 0.6696 0.5646 0.7012 0.5956 0.8283 0.6131 0.7970 0.4499 0.5064 0.1457 0.4186 0.4096 0.8207 0.5603 0.7335 0.1213 0.8177 0.7619 0.8738 0.8867 0.0343 0.3154 0.0082
49 49
15.1100
0.2183 0.3617 0.9061 0.2646 0.5119 0.8513 0.3180 0.8267 0.4010 0.6607 0.0609 0.4025 0.2207 0.8946 0.2975 0.7551 0.5356 0.1086 0.4014 0.0437 0.0819 0.2400 0.2280 0.5521 0.1604 0.8462 0.9005 0.9079 0.2376 0.7681 0.3367 0.9802 0.7866 0.5630 0.9411 0.9755 0.8531 0.4264 0.8910 0.1917 0.7132 0.7403 0.9235 0.5432 0.4690 0.6151 0.5466 0.5041 0.9944
47 47
16.8144
0.9539 0.7583 0.9165 0.3308 0.1029 0.4833 0.6841 0.8042 0.3171 0.7167 0.3695 0.7745 0.7044 0.5985 0.3958 0.2410 0.2697 0.7930 0.6216 0.9281 0.3149 0.1395 0.8741 0.4164 0.7001 0.2209 0.9071 0.5623 0.3627 0.5835 0.9271 0.2450 0.7412 0.9835 0.6689 0.6344 0.5146 0.5482 0.1340 0.7017 0.5817 0.9527 0.9534 0.1207 0.0496 0.3065 0.9072
49 49
24.2366
0.2414 0.4844 0.4611 0.5908 0.7651 0.2562 0.8891 0.3021 0.9942 0.6227 0.1673 0.0820 0.1708 0.3434 0.0192 0.3686 0.6407 0.3272 0.4346 0.3468 0.0014 0.6857 0.5835 0.2540 0.2732 0.3715 0.3837 0.4556 0.4798 0.7056 0.3604 0.8922 0.9160 0.8037 0.6159 0.1148 0.9970 0.4609 0.5440 0.2258 0.8350 0.8613 0.9207 0.0287 0.0533 0.2849 0.8977 0.4288 0.0497
45 45
3.5904
0.1018 0.3655 0.7122 0.9111 0.7248 0.5127 0.8945 0.4031 0.4568 0.7715 0.8268 0.1272 0.3448 0.2361 0.6942 0.4520 0.4465 0.3324 0.1720 0.4972 0.4820 0.4654 0.7398 0.1036 0.2692 0.4244 0.3085 0.3308 0.5776 0.1824 0.8465 0.8075 0.9563 0.7976 0.3252 0.2414 0.3880 0.3892 0.3233 0.1847 0.4581 0.3028 0.5679 0.6697 0.5221
50 50
0.0049
0.9999 0.9999 0.9999 0.9999 0.9999 0.9999 0.9999 0.9999 0.9999 0.9999 0.9999 0.9999 0.9999 0.9999 0.9999 0.9999 0.9999 0.9999 0.9999 0.9999 0.9999 0.9999 0.9999 0.9999 0.9999 0.9999 0.9999 0.9999 0.9999 0.9999 0.9999 0.9999 0.9999 0.9999 0.9999 0.9999 0.9999 0.9999 0.9999 0.9999 0.9999 0.9999 0.9999 0.9999 0.9999 0.9999 0.9999 0.9999 0.9999 0.9999
47 47
23.0153
0.3525 0.3670 0.9596 0.7444 0.1574 0.5901 0.4953 0.5395 0.5194 0.1833 0.2695 0.8294 0.8239 0.6087 0.6444 0.0018 0.0227 0.4432 0.9691 0.4096 0.4638 0.9213 0.8552 0.6807 0.8640 0.3555 0.9627 0.4947 0.0423 0.1832 0.0805 0.1666 0.0348 0.4579 0.4097 0.7013 0.0907 0.7196 0.9089 0.3379 0.9614 0.2170 0.0477 0.8012 0.3489 0.7705 0.8740
46 46
15.3672
0.6958 0.6611 0.8477 0.2467 0.6393 0.7243 0.8772 0.4082 0.9645 0.0092 0.8751 0.3530 0.7705 0.4185 0.3686 0.5260 0.0936 0.7379 0.8421 0.8307 0.9240 0.7631 0.3865 0.0530 0.7540 0.6092 0.6545 0.1499 0.2693 0.4151 0.4192 0.8528 0.5667 0.2458 0.5694 0.8961 0.6300 0.5716 0.9017 0.8125 0.2007 0.5361 0.6450 0.9079 0.7555 0.2332
50 50
0.0000
0.0000 0.0000 0.0000 0.0000 0.0000 0.0000 0.0000 0.0000 0.0000 0.0000 0.0000 0.0000 0.0000 0.0000 0.0000 0.0000 0.0000 0.0000 0.0000 0.0000 0.0000 0.0000 0.0000 0.0000 0.0000 0.0000 0.0000 0.0000 0.0000 0.0000 0.0000 0.0000 0.0000 0.0000 0.0000 0.0000 0.0000 0.0000 0.0000 0.0000 0.0000 0.0000 0.0000 0.0000 0.0000 0.0000 0.0000 0.0000 0.0000 0.0000
46 46
21.5196
0.3699 0.6892 0.2925 0.4046 0.2852 0.8389 0.5287 0.1736 0.4755 0.1546 0.6336 0.5991 0.4486 0.6111 0.4246 0.8325 0.9984 0.7657 0.2482 0.5706 0.1355 0.6783 0.4747 0.2290 0.2379 0.9674 0.2169 0.6756 0.2713 0.0998 0.0729 0.8086 0.9707 0.2886 0.0019 0.4501 0.5911 0.6872 0.9020 0.1297 0.6504 0.5651 0.3791 0.3213 0.4167 0.7719
45 45
16.9706
0.0705 0.8533 0.0423 0.9333 0.9655 0.8098 0.8793 0.8797 0.6022 0.1427 0.4891 0.0448 0.8001 0.1977 0.6920 0.8446 0.3168 0.1683 0.7835 0.0687 0.8083 0.0210 0.6143 0.2476 0.3001 0.2174 0.1574 0.3371 0.9445 0.8568 0.1141 0.1446 0.1555 0.8303 0.2112 0.6811 0.1426 0.9724 0.6739 0.2593 0.5541 0.7890 0.7299 0.9105 0.7497
48 48
21.3978
0.2039 0.7467 0.0317 0.6000 0.8714 0.0166 0.8130 0.7209 0.3760 0.3565 0.6326 0.5374 0.3623 0.9627 0.6323 0.3558 0.0345 0.0375 0.2817 0.2834 0.6189 0.2281 0.6733 0.3839 0.8382 0.5708 0.3008 0.8299 0.5126 0.1213 0.6429 0.7452 0.5621 0.8706 0.7123 0.0194 0.7201 0.5890 0.9466 0.4465 0.8514 0.3736 0.8366 0.1018 0.6829 0.7574 0.9626 0.2216
46 46
19.0846
0.9579 0.1732 0.1114 0.7832 0.0303 0.7853 0.7708 0.9837 0.7709 0.4830 0.4136 0.8275 0.9743 0.4317 0.9205 0.9412 0.4581 0.4272 0.7733 0.0841 0.0790 0.8761 0.3697 0.2522 0.0652 0.7354 0.9774 0.0443 0.5920 0.2039 0.7912 0.1784 0.6706 0.2750 0.2559 0.7009 0.8667 0.9469 0.9173 0.7238 0.4603 0.9190 0.3083 0.8338 0.1874 0.5334
49 49
21.8200
0.0580 0.6328 0.8687 0.1491 0.5052 0.8191 0.0068 0.7917 0.9140 0.4743 0.8702 0.1423 0.7437 0.4888 0.3173 0.1580 0.4598 0.0190 0.5787 0.4157 0.1684 0.0199 0.6188 0.3254 0.5485 0.5276 0.9418 0.2571 0.9919 0.9518 0.3355 0.8110 0.2102 0.7038 0.7960 0.0573 0.5705 0.5989 0.3217 0.9560 0.9235 0.9216 0.6110 0.7505 0.0264 0.0705 0.0422 0.3336 0.2640
46 46
23.6181
0.4080 0.8929 0.4393 0.7265 0.2039 0.7532 0.1688 0.6741 0.9984 0.9496 0.0019 0.2116 0.0094 0.4382 0.7117 0.1713 0.4155 0.9119 0.4655 0.8531 0.2117 0.0453 0.0924 0.2196 0.2757 0.2016 0.4725 0.8217 0.3651 0.7963 0.0862 0.5176 0.2942 0.0729 0.1946 0.1921 0.4507 0.1018 0.7257 0.7502 0.2573 0.4484 0.1567 0.2100 0.7804 0.7916
47 47
12.2199
0.2234 0.6197 0.3864 0.5089 0.9701 0.8667 0.7598 0.6769 0.1329 0.1368 0.0322 0.8009 0.2673 0.7275 0.9494 0.9911 0.6919 0.0378 0.9858 0.4502 0.1946 0.8563 0.0339 0.9377 0.9482 0.0342 0.4603 0.3784 0.9771 0.9410 0.3679 0.1896 0.9788 0.6352 0.4669 0.8976 0.9279 0.5293 0.6960 0.6180 0.9428 0.7959 0.5987 0.6177 0.9351 0.5838 0.9664
47 47
18.2361
0.4653 0.5561 0.7063 0.8770 0.9476 0.3142 0.9032 0.5258 0.1165 0.9730 0.9999 0.0549 0.1547 0.5976 0.4753 0.6514 0.9628 0.3007 0.5761 0.8869 0.3630 0.1308 0.2482 0.9782 0.0142 0.5885 0.4133 0.3131 0.2497 0.2518 0.7645 0.9617 0.2596 0.7195 0.4238 0.0752 0.6157 0.1964 0.4050 0.3913 0.6512 0.5166 0.8386 0.8118 0.3740 0.2688 0.0628
50 50
0.0000
0.3333 0.3333 0.3333 0.3333 0.3333 0.3333 0.3333 0.3333 0.3333 0.3333 0.3333 0.3333 0.3333 0.3333 0.3333 0.3333 0.3333 0.3333 0.3333 0.3333 0.3333 0.3333 0.3333 0.3333 0.3333 0.3333 0.3333 0.3333 0.3333 0.3333 0.3333 0.3333 0.3333 0.3333 0.3333 0.3333 0.3333 0.3333 0.3333 0.3333 0.3333 0.3333 0.3333 0.3333 0.3333 0.3333 0.3333 0.3333 0.3333 0.3333
46 46
17.4391
0.9419 0.8921 0.3126 0.6587 0.1220 0.2849 0.7092 0.5109 0.0783 0.2195 0.7751 0.9289 0.8917 0.1673 0.2352 0.7147 0.8238 0.1255 0.6666 0.4164 0.5087 0.0563 0.4987 0.8816 0.1783 0.7101 0.0046 0.7320 0.6345 0.0805 0.6870 0.4205 0.1034 0.2750 0.9261 0.8372 0.6800 0.3179 0.8677 0.8546 0.2793 0.7106 0.4884 0.9016 0.8881 0.6220
49 49
19.0667
0.5460 0.6530 0.1607 0.8464 0.2118 0.1602 0.1794 0.6366 0.0146 0.7834 0.3789 0.5968 0.8303 0.0975 0.5834 0.7392 0.3357 0.3350 0.4364 0.6491 0.4947 0.7820 0.1663 0.3482 0.7771 0.1428 0.8244 0.1087 0.0114 0.0516 0.8218 0.0724 0.3808 0.7027 0.6715 0.2577 0.0084 0.5362 0.8760 0.8859 0.1949 0.5376 0.8389 0.1238 0.5545 0.8975 0.6825 0.6072 0.2126
45 45
17.8073
0.8393 0.4812 0.4116 0.5613 0.5749 0.0855 0.6696 0.1083 0.9028 0.2121 0.6278 0.6882 0.6827 0.3043 0.8105 0.2698 0.1882 0.1790 0.6717 0.5835 0.9531 0.4653 0.1919 0.9864 0.0745 0.0960 0.7109 0.0092 0.9987 0.3879 0.0888 0.8642 0.6815 0.6087 0.6166 0.0296 0.2712 0.3641 0.8817 0.6352 0.1446 0.5199 0.5188 0.2070 0.8569
50 50
0.0000
0.9999 0.9999 0.9999 0.9999 0.9999 0.9999 0.9999 0.9999 0.9999 0.9999 0.9999 0.9999 0.9999 0.9999 0.9999 0.9999 0.9999 0.9999 0.9999 0.9999 0.9999 0.9999 0.9999 0.9999 0.9999 0.9999 0.9999 0.9999 0.9999 0.9999 0.9999 0.9999 0.9999 0.9999 0.9999 0.9999 0.9999 0.9999 0.9999 0.9999 0.9999 0.9999 0.9999 0.9999 0.9999 0.9999 0.9999 0.9999 0.9999 0.9999
50 50
0.6901
0.2791 0.5154 0.6915 0.0932 0.7744 0.9318 0.3158 0.3337 0.1546 0.7951 0.0857 0.1090 0.7255 0.2665 0.0770 0.2215 0.6759 0.6598 0.9641 0.1224 0.7417 0.0863 0.5109 0.0539 0.5983 0.8733 0.8928 0.2108 0.3724 0.8091 0.2187 0.8764 0.7205 0.7742 0.3512 0.3303 0.9438 0.0507 0.6986 0.3483 0.9926 0.1842 0.7287 0.8871 0.5160 0.1761 0.2443 0.2683 0.8265 0.6196
46 46
18.1774
0.9479 0.3604 0.5686 0.0658 0.5872 0.5033 0.5273 0.1940 0.2076 0.4989 0.9672 0.3308 0.0042 0.1875 0.6532 0.2039 0.6170 0.4009 0.9658 0.9325 0.1000 0.4096 0.9036 0.6649 0.7526 0.4720 0.7730 0.6328 0.6691 0.7627 0.5586 0.4895 0.4281 0.1275 0.0918 0.9523 0.9916 0.3684 0.1003 0.1022 0.4610 0.9653 0.4034 0.3299 0.4429 0.5357
50 50
0.0000
0.8765 0.8765 0.8765 0.8765 0.8765 0.8765 0.8765 0.8765 0.8765 0.8765 0.8765 0.8765 0.8765 0.8765 0.8765 0.8765 0.8765 0.8765 0.8765 0.8765 0.8765 0.8765 0.8765 0.8765 0.8765 0.8765 0.8765 0.8765 0.8765 0.8765 0.8765 0.8765 0.8765 0.8765 0.8765 0.8765 0.8765 0.8765 0.8765 0.8765 0.8765 0.8765 0.8765 0.8765 0.8765 0.8765 0.8765 0.8765 0.8765 0.8765
50 50
1.0000
0.3333 0.3333 0.3333 0.3333 0.3333 0.3333 0.3333 0.3333 0.3333 0.3333 0.3333 0.3333 0.3333 0.3333 0.3333 0.3333 0.3333 0.3333 0.3333 0.3333 0.3333 0.3333 0.3333 0.3333 0.3333 0.3333 0.3333 0.3333 0.3333 0.3333 0.3333 0.3333 0.3333 0.3333 0.3333 0.3333 0.3333 0.3333 0.3333 0.3333 0.3333 0.3333 0.3333 0.3333 0.3333 0.3333 0.3333 0.3333 0.3333 0.3333
50 50
0.0050
0.9999 0.9999 0.9999 0.9999 0.9999 0.9999 0.9999 0.9999 0.9999 0.9999 0.9999 0.9999 0.9999 0.9999 0.9999 0.9999 0.9999 0.9999 0.9999 0.9999 0.9999 0.9999 0.9999 0.9999 0.9999 0.9999 0.9999 0.9999 0.9999 0.9999 0.9999 0.9999 0.9999 0.9999 0.9999 0.9999 0.9999 0.9999 0.9999 0.9999 0.9999 0.9999 0.9999 0.9999 0.9999 0.9999 0.9999 0.9999 0.9999 0.9999
2 2
0.3333
0.5000 0.5000
46 46
17.2259
0.3550 0.5612 0.1961 0.1599 0.4358 0.4796 0.3359 0.9998 0.1861 0.0602 0.6587 0.9292 0.4429 0.2120 0.0242 0.2458 0.5332 0.6260 0.6530 0.2087 0.5475 0.4237 0.4474 0.8297 0.1642 0.3553 0.0846 0.0990 0.3289 0.8336 0.1130 0.3851 0.1860 0.3868 0.7293 0.3900 0.6335 0.7529 0.4785 0.2654 0.6299 0.7167 0.2795 0.9613 0.5137 0.6932
47 47
16.2807
0.1974 0.2214 0.0160 0.7019 0.2847 0.2546 0.7290 0.0818 0.1399 0.4187 0.6922 0.8607 0.7076 0.8661 0.3349 0.7125 0.4681 0.6666 0.9941 0.7176 0.8988 0.7622 0.4961 0.4372 0.7612 0.5140 0.2182 0.9247 0.2117 0.7309 0.5356 0.4763 0.0880 0.5694 0.9781 0.8984 0.8138 0.5042 0.2033 0.5271 0.0213 0.2646 0.5267 0.2386 0.3450 0.2697 0.2819
49 49
18.6404
0.2442 0.4177 0.0341 0.1689 0.3817 0.0534 0.7399 0.8576 0.8867 0.5388 0.6267 0.3019 0.8914 0.4307 0.1290 0.0564 0.0643 0.1745 0.6077 0.2238 0.4667 0.4221 0.4515 0.2408 0.1126 0.4991 0.6936 0.0919 0.5700 0.2372 0.5055 0.1282 0.0442 0.1910 0.7894 0.7125 0.6481 0.4759 0.5347 0.0485 0.0512 0.1049 0.6747 0.8992 0.7378 0.4046 0.9398 0.6743 0.9869
50 50
17.2859
0.0248 0.3899 0.4759 0.4237 0.8667 0.0868 0.5471 0.2312 0.5531 0.9185 0.0847 0.8965 0.4551 0.8854 0.3676 0.6798 0.4257 0.9783 0.5902 0.6980 0.0752 0.2960 0.3889 0.3881 0.5548 0.1098 0.0697 0.7828 0.4799 0.8769 0.4282 0.4170 0.6386 0.7255 0.6865 0.5684 0.8112 0.3790 0.2368 0.6779 0.8432 0.5647 0.1101 0.5569 0.9783 0.4943 0.5350 0.8702 0.0629 0.7626
47 47
20.7760
0.7894 0.8051 0.6284 0.2017 0.6403 0.5098 0.8990 0.4679 0.2594 0.0194 0.5357 0.2739 0.1196 0.1961 0.7754 0.3338 0.3935 0.0468 0.2542 0.6439 0.6143 0.0504 0.6743 0.2200 0.8302 0.0988 0.7309 0.0079 0.5742 0.4496 0.2096 0.3939 0.7430 0.8194 0.3716 0.0691 0.5827 0.8788 0.3851 0.8023 0.5348 0.9801 0.5826 0.3213 0.3657 0.9388 0.6884
2 2
0.0000
1.0000 1.0000
1 1
0.0000
1.0000
47 47
15.7942
0.4301 0.6063 0.5533 0.8896 0.9291 0.1783 0.2719 0.7800 0.2184 0.6027 0.1904 0.1871 0.4311 0.8840 0.2126 0.8705 0.2411 0.0944 0.2597 0.2537 0.4002 0.8632 0.2237 0.4844 0.2975 0.8636 0.0503 0.1795 0.9242 0.0797 0.3826 0.5194 0.7914 0.6763 0.9230 0.6094 0.7293 0.5877 0.9216 0.7889 0.0666 0.7884 0.8987 0.4743 0.3830 0.7545 0.6571
47 47
2.2784
0.1664 0.3553 0.5550 0.1277 0.9056 0.1427 0.3635 0.1005 0.1539 0.6587 0.1637 0.5519 0.9460 0.1902 0.7511 0.3084 0.4495 0.4354 0.1305 0.3204 0.8193 0.9963 0.1259 0.8156 0.1028 0.9042 0.3364 0.7958 0.6852 0.1370 0.9770 0.6641 0.9917 0.7586 0.8419 0.2346 0.6506 0.0708 0.7939 0.6562 0.8489 0.8278 0.6483 0.0239 0.2816 0.4923 0.8840
48 48
18.9777
0.3939 0.4690 0.8193 0.7579 0.3078 0.2733 0.6818 0.5421 0.6942 0.6805 0.2945 0.7059 0.4474 0.8443 0.0356 0.9475 0.6282 0.1709 0.6642 0.0679 0.8148 0.3086 0.5428 0.1151 0.0748 0.2240 0.5413 0.6019 0.8930 0.6327 0.0973 0.9560 0.5328 0.2109 0.9750 0.4618 0.9054 0.9752 0.9508 0.1263 0.2203 0.2646 0.0002 0.9706 0.0201 0.4612 0.1950 0.0406
50 50
19.0760
0.5940 0.8057 0.6497 0.0224 0.5851 0.5331 0.6955 0.2565 0.3220 0.1789 0.6093 0.9068 0.1046 0.2016 0.0377 0.1562 0.7374 0.6650 0.8980 0.9784 0.7993 0.8371 0.7436 0.7822 0.2496 0.9176 0.1794 0.7406 0.8961 0.7476 0.7679 0.4733 0.0749 0.3487 0.0435 0.3347 0.7982 0.0030 0.1305 0.8308 0.3321 0.0262 0.9678 0.6845 0.0320 0.5501 0.9604 0.1496 0.6363 0.3584
47 47
18.3302
0.7355 0.7593 0.5626 0.0650 0.9822 0.1552 0.3818 0.3136 0.8027 0.8342 0.1422 0.7269 0.3031 0.6527 0.8404 0.2961 0.3953 0.8610 0.6847 0.9136 0.9000 0.2802 0.5146 0.4879 0.0042 0.9734 0.9709 0.3899 0.9993 0.9920 0.0709 0.7274 0.1084 0.3370 0.1690 0.8547 0.3582 0.8524 0.0530 0.8396 0.0219 0.7622 0.0233 0.1645 0.9642 0.7284 0.0834
2 2
0.5000
0.5000 0.5000
45 45
15.2489
0.7289 0.5706 0.4790 0.6670 0.0455 0.1213 0.6121 0.1434 0.6451 0.9447 0.6210 0.4686 0.8795 0.8381 0.8489 0.8660 0.5968 0.3734 0.7302 0.5194 0.0047 0.8817 0.4586 0.7957 0.8942 0.7222 0.2552 0.1796 0.5142 0.9346 0.2990 0.2901 0.7614 0.1695 0.8615 0.9132 0.0375 0.8395 0.3208 0.4720 0.9255 0.4067 0.3066 0.4510 0.4093
