100
4 4
1.4000
0.5000 0.7000 0.8000 0.6000
2 2
1.0000
0.0000 0.0000
2 1
0.0000
0.9000 0.8000
2 1
0.1000
0.4000 0.5000
47 26
2.2784
0.9056 0.7939 0.3553 0.1664 0.9042 0.8156 0.4354 0.3635 0.3084 0.1427 0.8840 0.8419 0.1028 0.1305 0.0239 0.6587 0.8278 0.6506 0.5550 0.0708 0.9917 0.6562 0.6483 0.8193 0.3204 0.6641 0.7511 0.2816 0.1539 0.1370 0.6852 0.4923 0.1005 0.9460 0.5519 0.1259 0.3364 0.1277 0.2346 0.1637 0.9963 0.7958 0.4495 0.7586 0.9770 0.8489 0.1902
47 21
0.0120
0.9752 0.3053 0.7311 0.1258 0.0078 0.1075 0.9157 0.6330 0.2210 0.3977 0.7009 0.9555 0.4945 0.9207 0.8132 0.6565 0.7999 0.7906 0.9146 0.4291 0.9786 0.3845 0.1256 0.4135 0.1066 0.4014 0.6273 0.5542 0.1990 0.9918 0.9601 0.2897 0.4104 0.9346 0.3214 0.1174 0.9556 0.1008 0.7413 0.9911 0.5944 0.2179 0.1851 0.0229 0.0514 0.1418 0.4922
45 20
0.0143
0.0360 0.9942 0.0393 0.1262 0.2471 0.7593 0.0720 0.9981 0.3096 0.6064 0.5520 0.0453 0.7388 0.8207 0.4888 0.7444 0.9201 0.9722 0.1678 0.9170 0.9756 0.0380 0.2602 0.6413 0.9770 0.4854 0.1431 0.1541 0.6020 0.6677 0.3140 0.2727 0.2129 0.4526 0.1211 0.3155 0.4951 0.4613 0.0899 0.2922 0.1828 0.6422 0.3081 0.5861 0.7600
47 33
0.0103
0.1917 0.1015 0.3413 0.2761 0.2650 0.4628 0.6473 0.0529 0.9653 0.8385 0.9301 0.1773 0.0089 0.4831 0.9095 0.9506 0.9272 0.5924 0.8970 0.8641 0.3908 0.9553 0.8435 0.3928 0.6422 0.6899 0.7850 0.8080 0.3975 0.0276 0.6502 0.9461 0.5326 0.1502 0.0934 0.1449 0.4594 0.4648 0.2588 0.1679 0.6673 0.5461 0.8874 0.6824 0.3139 0.9468 0.3547
48 21
0.0054
0.1406 0.0324 0.4008 0.0052 0.6237 0.1727 0.1133 0.3203 0.3478 0.3343 0.7035 0.3916 0.1732 0.9407 0.7732 0.0491 0.2653 0.6290 0.6317 0.6026 0.7592 0.3852 0.0517 0.9635 0.7066 0.5886 0.5415 0.3831 0.6448 0.7512 0.2794 0.9828 0.9719 0.7740 0.2013 0.0067 0.5113 0.2028 0.5106 0.5299 0.4289 0.6299 0.7796 0.8878 0.9536 0.9843 0.4316 0.9504
46 17
0.0158
0.2995 0.4108 0.3125 0.1474 0.2146 0.6434 0.0831 0.6173 0.3232 0.1560 0.3248 0.0325 0.9989 0.9193 0.9719 0.2620 0.9750 0.0041 0.5296 0.6408 0.7108 0.5302 0.0653 0.8799 0.1944 0.0176 0.4499 0.8346 0.8177 0.6245 0.4611 0.6953 0.6371 0.7283 0.1082 0.6351 0.6259 0.7004 0.3667 0.0142 0.1588 0.8975 0.5389 0.3116 0.7937 0.6864
49 38
11.7865
0.7178 0.1554 0.7067 0.3791 0.2311 0.9168 0.2789 0.8518 0.6946 0.5631 0.6904 0.7155 0.4827 0.5720 0.5957 0.4607 0.6692 0.7293 0.2570 0.7623 0.5705 0.6014 0.3301 0.4000 0.4389 0.3851 0.3649 0.7696 0.8410 0.4037 0.8270 0.1657 0.8621 0.5879 0.9786 0.1971 0.0251 0.7888 0.3172 0.7306 0.7484 0.7906 0.5945 0.4635 0.3236 0.1024 0.1718 0.7942 0.5416
49 28
0.0140
0.6096 0.8590 0.7317 0.8057 0.3714 0.6100 0.2466 0.6318 0.0741 0.4571 0.7311 0.7010 0.0160 0.4058 0.2413 0.2941 0.3789 0.1057 0.1250 0.5961 0.6182 0.7532 0.3116 0.2635 0.0851 0.0687 0.1500 0.7305 0.3522 0.5233 0.0900 0.5558 0.2823 0.0204 0.1653 0.0424 0.6446 0.9683 0.7571 0.3722 0.8506 0.8952 0.6176 0.6778 0.1154 0.9035 0.2654 0.9565 0.1186
50 50
0.0049
0.9999 0.9999 0.9999 0.9999 0.9999 0.9999 0.9999 0.9999 0.9999 0.9999 0.9999 0.9999 0.9999 0.9999 0.9999 0.9999 0.9999 0.9999 0.9999 0.9999 0.9999 0.9999 0.9999 0.9999 0.9999 0.9999 0.9999 0.9999 0.9999 0.9999 0.9999 0.9999 0.9999 0.9999 0.9999 0.9999 0.9999 0.9999 0.9999 0.9999 0.9999 0.9999 0.9999 0.9999 0.9999 0.9999 0.9999 0.9999 0.9999 0.9999
48 40
0.0041
0.1673 0.8832 0.3199 0.3032 0.5074 0.1385 0.5370 0.1199 0.9480 0.5276 0.2168 0.9793 0.5918 0.1704 0.9457 0.6403 0.7126 0.6559 0.3824 0.7114 0.3451 0.5192 0.0961 0.1594 0.0445 0.2080 0.3151 0.8260 0.4686 0.9537 0.2028 0.1863 0.9862 0.2070 0.4391 0.6784 0.4653 0.4441 0.6874 0.5670 0.8281 0.0394 0.5497 0.7304 0.7811 0.3963 0.3661 0.0940
46 38
0.0205
0.9870 0.6105 0.7108 0.3386 0.6187 0.5169 0.9606 0.7239 0.5574 0.0036 0.3596 0.1529 0.8780 0.4624 0.8505 0.4882 0.2230 0.1166 0.0569 0.3148 0.8932 0.3212 0.9766 0.6009 0.4670 0.0402 0.0961 0.8686 0.5618 0.8759 0.8049 0.8515 0.6185 0.0328 0.9397 0.5236 0.2913 0.8291 0.5350 0.8744 0.3570 0.0862 0.7264 0.4110 0.8456 0.1423
2 1
0.3333
0.5000 0.5000
2 1
0.5000
0.5000 0.5000
50 25
0.0000
0.0000 0.0000 0.0000 0.0000 0.0000 0.0000 0.0000 0.0000 0.0000 0.0000 0.0000 0.0000 0.0000 0.0000 0.0000 0.0000 0.0000 0.0000 0.0000 0.0000 0.0000 0.0000 0.0000 0.0000 0.0000 0.0000 0.0000 0.0000 0.0000 0.0000 0.0000 0.0000 0.0000 0.0000 0.0000 0.0000 0.0000 0.0000 0.0000 0.0000 0.0000 0.0000 0.0000 0.0000 0.0000 0.0000 0.0000 0.0000 0.0000 0.0000
50 50
0.0000
0.8700 0.8700 0.8700 0.8700 0.8700 0.8700 0.8700 0.8700 0.8700 0.8700 0.8700 0.8700 0.8700 0.8700 0.8700 0.8700 0.8700 0.8700 0.8700 0.8700 0.8700 0.8700 0.8700 0.8700 0.8700 0.8700 0.8700 0.8700 0.8700 0.8700 0.8700 0.8700 0.8700 0.8700 0.8700 0.8700 0.8700 0.8700 0.8700 0.8700 0.8700 0.8700 0.8700 0.8700 0.8700 0.8700 0.8700 0.8700 0.8700 0.8700
48 45
11.1148
0.5280 0.1214 0.2189 0.6399 0.4820 0.2806 0.3751 0.1634 0.2258 0.9659 0.7708 0.8067 0.5176 0.3624 0.6690 0.7995 0.1596 0.8609 0.8255 0.3801 0.6126 0.7135 0.5202 0.8943 0.2396 0.1595 0.0166 0.7173 0.7366 0.1178 0.7981 0.9933 0.6922 0.3606 0.8082 0.1826 0.4362 0.0872 0.3062 0.1453 0.2369 0.9153 0.3108 0.2889 0.3530 0.9192 0.4330 0.9192
48 13
0.0246
0.3812 0.2385 0.4035 0.6509 0.9373 0.9508 0.4592 0.3181 0.3334 0.5370 0.8521 0.0645 0.1939 0.2417 0.7688 0.1564 0.1016 0.2174 0.4767 0.0081 0.9778 0.2970 0.7174 0.6442 0.8175 0.0957 0.8889 0.4982 0.2782 0.0507 0.0484 0.1797 0.0558 0.3099 0.5095 0.4020 0.8131 0.9958 0.9523 0.9899 0.5772 0.4056 0.3500 0.3727 0.4372 0.0204 0.7504 0.3161
46 17
0.0014
0.6324 0.2445 0.0097 0.9448 0.1345 0.6146 0.0439 0.9895 0.6316 0.8490 0.9161 0.3469 0.4453 0.4483 0.9919 0.9720 0.8314 0.5140 0.8007 0.5443 0.7691 0.7861 0.7378 0.9342 0.8301 0.9977 0.9912 0.3048 0.5625 0.3492 0.6945 0.1702 0.7154 0.1256 0.6170 0.2067 0.0707 0.6651 0.8211 0.5801 0.3024 0.6435 0.1804 0.3918 0.2080 0.6043
50 1
50.0000
0.0000 0.0000 0.0000 0.0000 0.0000 0.0000 0.0000 0.0000 0.0000 0.0000 0.0000 0.0000 0.0000 0.0000 0.0000 0.0000 0.0000 0.0000 0.0000 0.0000 0.0000 0.0000 0.0000 0.0000 0.0000 0.0000 0.0000 0.0000 0.0000 0.0000 0.0000 0.0000 0.0000 0.0000 0.0000 0.0000 0.0000 0.0000 0.0000 0.0000 0.0000 0.0000 0.0000 0.0000 0.0000 0.0000 0.0000 0.0000 0.0000 0.0000
46 35
7.7658
0.9981 0.5042 0.4489 0.2538 0.3083 0.6706 0.9622 0.0660 0.0696 0.2438 0.3802 0.0114 0.4458 0.3771 0.4796 0.3481 0.5621 0.8021 0.1501 0.2271 0.4053 0.7999 0.2481 0.8539 0.8971 0.3822 0.4320 0.4868 0.4464 0.8845 0.1927 0.3027 0.0645 0.1536 0.6151 0.3809 0.9591 0.9356 0.9309 0.7108 0.9943 0.7090 0.4068 0.6534 0.3753 0.7400
46 9
0.0173
0.4220 0.1166 0.6959 0.4344 0.7302 0.3232 0.5025 0.2556 0.4260 0.6959 0.3911 0.1251 0.7721 0.2769 0.8994 0.0488 0.8888 0.1630 0.1888 0.2788 0.2991 0.4424 0.0204 0.6506 0.0123 0.3534 0.4003 0.6085 0.2660 0.2454 0.3805 0.5909 0.3936 0.7077 0.7828 0.8876 0.7287 0.5099 0.1702 0.0259 0.2170 0.0565 0.2694 0.7489 0.6815 0.1701
47 23
0.0206
0.2698 0.9471 0.9827 0.5176 0.7872 0.5922 0.8617 0.9679 0.5814 0.6263 0.3795 0.5123 0.9391 0.4596 0.1651 0.2179 0.5358 0.2125 0.0342 0.3809 0.2790 0.2365 0.7530 0.9864 0.1247 0.1807 0.5004 0.1557 0.4684 0.7339 0.5000 0.7735 0.4242 0.7707 0.6325 0.0092 0.0727 0.3440 0.1923 0.2728 0.2953 0.1742 0.3051 0.4838 0.2927 0.7954 0.5730
45 20
4.4641
0.4606 0.6790 0.1491 0.3097 0.1808 0.5588 0.7411 0.1108 0.4558 0.2038 0.0562 0.9285 0.2524 0.2572 0.3455 0.5565 0.0009 0.3683 0.3703 0.5641 0.3349 0.7847 0.8665 0.3918 0.7340 0.6792 0.1209 0.8532 0.7180 0.0512 0.6937 0.5667 0.9928 0.3702 0.3487 0.4365 0.6535 0.3458 0.8681 0.0446 0.1919 0.9417 0.6806 0.9172 0.3856
50 50
0.0000
0.8765 0.8765 0.8765 0.8765 0.8765 0.8765 0.8765 0.8765 0.8765 0.8765 0.8765 0.8765 0.8765 0.8765 0.8765 0.8765 0.8765 0.8765 0.8765 0.8765 0.8765 0.8765 0.8765 0.8765 0.8765 0.8765 0.8765 0.8765 0.8765 0.8765 0.8765 0.8765 0.8765 0.8765 0.8765 0.8765 0.8765 0.8765 0.8765 0.8765 0.8765 0.8765 0.8765 0.8765 0.8765 0.8765 0.8765 0.8765 0.8765 0.8765
47 9
4.4452
0.2982 0.9134 0.0906 0.8944 0.7516 0.8294 0.0539 0.5438 0.5290 0.6904 0.0085 0.3910 0.2176 0.6666 0.7465 0.3000 0.2433 0.0747 0.4832 0.2225 0.0606 0.3922 0.9429 0.7768 0.3977 0.8297 0.1527 0.6495 0.7075 0.0242 0.7510 0.5159 0.7491 0.2656 0.6763 0.3286 0.9568 0.9273 0.6435 0.5995 0.5084 0.4022 0.0974 0.5142 0.2853 0.1854 0.1284
2 1
1.0000
0.0000 0.0000
46 37
15.2894
0.3979 0.8925 0.8209 0.9702 0.8670 0.7645 0.2477 0.8101 0.0841 0.6643 0.6836 0.3100 0.6285 0.0214 0.4089 0.9766 0.6386 0.2180 0.2342 0.1399 0.7252 0.3049 0.3754 0.1704 0.3021 0.0126 0.1139 0.2763 0.2005 0.7369 0.0151 0.8923 0.8954 0.7292 0.5426 0.3226 0.5169 0.8720 0.3697 0.5683 0.7103 0.3710 0.0028 0.8711 0.3037 0.0752
50 18
0.0138
0.9009 0.5770 0.2558 0.3841 0.5103 0.0345 0.8436 0.2126 0.6274 0.6804 0.5661 0.1954 0.4137 0.4496 0.4039 0.4770 0.2808 0.2643 0.6534 0.5903 0.6759 0.3501 0.2364 0.4127 0.9388 0.0433 0.8833 0.6632 0.9464 0.9104 0.0216 0.6025 0.2463 0.8267 0.9714 0.4068 0.6453 0.2737 0.2719 0.6562 0.2050 0.2555 0.8220 0.1872 0.6659 0.0076 0.8781 0.6456 0.9661 0.0095
50 25
0.0000
1.0000 1.0000 1.0000 1.0000 1.0000 1.0000 1.0000 1.0000 1.0000 1.0000 1.0000 1.0000 1.0000 1.0000 1.0000 1.0000 1.0000 1.0000 1.0000 1.0000 1.0000 1.0000 1.0000 1.0000 1.0000 1.0000 1.0000 1.0000 1.0000 1.0000 1.0000 1.0000 1.0000 1.0000 1.0000 1.0000 1.0000 1.0000 1.0000 1.0000 1.0000 1.0000 1.0000 1.0000 1.0000 1.0000 1.0000 1.0000 1.0000 1.0000
50 49
0.0050
0.9999 0.9999 0.9999 0.9999 0.9999 0.9999 0.9999 0.9999 0.9999 0.9999 0.9999 0.9999 0.9999 0.9999 0.9999 0.9999 0.9999 0.9999 0.9999 0.9999 0.9999 0.9999 0.9999 0.9999 0.9999 0.9999 0.9999 0.9999 0.9999 0.9999 0.9999 0.9999 0.9999 0.9999 0.9999 0.9999 0.9999 0.9999 0.9999 0.9999 0.9999 0.9999 0.9999 0.9999 0.9999 0.9999 0.9999 0.9999 0.9999 0.9999
46 31
0.0086
0.1768 0.2205 0.2228 0.4688 0.4080 0.3081 0.7478 0.8749 0.1731 0.5920 0.1522 0.7690 0.0690 0.3129 0.2256 0.0601 0.7608 0.7366 0.6259 0.4860 0.2081 0.5136 0.8725 0.1644 0.6171 0.5132 0.9199 0.1912 0.9928 0.4663 0.3611 0.8214 0.4235 0.2889 0.7726 0.5763 0.7831 0.1595 0.8474 0.4059 0.7061 0.2449 0.8448 0.0394 0.9594 0.5706
49 11
0.0018
0.7722 0.2729 0.6455 0.7661 0.4377 0.1972 0.7549 0.3186 0.5050 0.3134 0.3227 0.1326 0.5316 0.1704 0.0356 0.7886 0.7128 0.7329 0.3675 0.0112 0.2456 0.7487 0.2414 0.5258 0.5710 0.7006 0.3522 0.7152 0.9803 0.4873 0.0093 0.4394 0.8021 0.1593 0.2980 0.0731 0.2793 0.1834 0.9737 0.9200 0.4957 0.8165 0.6331 0.3280 0.3060 0.6177 0.8695 0.1963 0.0467
45 25
3.5904
0.2414 0.3448 0.7976 0.7122 0.2692 0.4465 0.5221 0.3308 0.6942 0.5679 0.4972 0.1824 0.4654 0.3028 0.8465 0.3233 0.4520 0.4568 0.4244 0.5776 0.4820 0.2361 0.6697 0.7715 0.3252 0.8268 0.7398 0.3655 0.9111 0.8945 0.1036 0.3085 0.1018 0.3892 0.4581 0.1847 0.3880 0.5127 0.3324 0.4031 0.8075 0.1720 0.7248 0.9563 0.1272
45 44
0.0195
0.3564 0.8993 0.5106 0.5984 0.3270 0.6103 0.4749 0.3710 0.5184 0.9025 0.8087 0.4012 0.6165 0.0962 0.1824 0.4777 0.6374 0.0905 0.6085 0.3486 0.4454 0.3995 0.8165 0.1375 0.0711 0.8593 0.0294 0.2423 0.7653 0.1349 0.1739 0.8232 0.9357 0.2351 0.5174 0.5654 0.2362 0.6374 0.1174 0.6963 0.1338 0.4311 0.0097 0.5022 0.1202
48 29
0.0010
0.9991 0.1256 0.2853 0.6051 0.6613 0.0096 0.4056 0.5738 0.2976 0.3944 0.1300 0.5508 0.0737 0.7140 0.7444 0.9382 0.6046 0.1088 0.3466 0.2449 0.3035 0.8107 0.7570 0.1113 0.8896 0.4035 0.7524 0.2297 0.9669 0.8201 0.5605 0.1657 0.1506 0.5556 0.2800 0.8901 0.5974 0.1398 0.3038 0.7285 0.6446 0.5688 0.5880 0.3840 0.4072 0.7428 0.9812 0.1137
50 14
0.6795
0.8886 0.9339 0.2732 0.5131 0.9881 0.2406 0.5523 0.4540 0.1361 0.0633 0.2056 0.3340 0.1405 0.6752 0.7149 0.5713 0.1321 0.4961 0.3943 0.2530 0.4190 0.6369 0.5736 0.7401 0.3805 0.1175 0.0794 0.5862 0.3161 0.6534 0.6332 0.0014 0.4920 0.1713 0.4176 0.6266 0.8330 0.1836 0.0401 0.8209 0.0204 0.6029 0.8446 0.6151 0.5382 0.3581 0.9190 0.3920 0.7812 0.5502
47 26
0.5837
0.2637 0.6131 0.9160 0.7999 0.3682 0.1457 0.8283 0.6586 0.5646 0.7012 0.5373 0.2756 0.7619 0.5064 0.3602 0.8207 0.0343 0.3950 0.4499 0.8738 0.8177 0.3154 0.8867 0.6248 0.4186 0.4096 0.8003 0.1213 0.7970 0.2976 0.7167 0.5026 0.7335 0.5956 0.8463 0.2916 0.9137 0.7741 0.4740 0.9918 0.5603 0.0082 0.0304 0.3793 0.1291 0.6048 0.6696
47 32
0.0169
0.1633 0.7080 0.0914 0.2254 0.6496 0.6377 0.7220 0.4048 0.2470 0.4502 0.6031 0.1408 0.3380 0.0468 0.0638 0.2260 0.2976 0.1367 0.8474 0.2921 0.4640 0.9603 0.1517 0.7002 0.9364 0.0585 0.9542 0.3161 0.5765 0.8466 0.3246 0.1219 0.7336 0.0051 0.0478 0.7821 0.8661 0.8934 0.7793 0.9409 0.2775 0.6503 0.3716 0.8616 0.7808 0.6993 0.6945
49 30
0.0074
0.6096 0.8338 0.8943 0.6873 0.1911 0.5864 0.4298 0.7646 0.4850 0.8558 0.4697 0.1297 0.5720 0.2078 0.0841 0.8165 0.1694 0.5993 0.7904 0.5346 0.7949 0.9945 0.4030 0.3787 0.7251 0.8546 0.1088 0.3136 0.2856 0.6366 0.0070 0.6922 0.5334 0.0698 0.7481 0.6074 0.5428 0.2300 0.6869 0.5560 0.5539 0.0416 0.0285 0.2245 0.2336 0.7536 0.8435 0.8147 0.4500
4 4
1.3999
0.7000 0.8000 0.5000 0.6000
47 23
0.0197
0.8260 0.2051 0.0603 0.0864 0.1536 0.7522 0.6334 0.3394 0.6214 0.7740 0.1994 0.3822 0.7179 0.1814 0.2686 0.7870 0.0894 0.3681 0.5898 0.7866 0.4681 0.0161 0.2603 0.3632 0.9783 0.6669 0.8528 0.0601 0.7145 0.7422 0.1939 0.0112 0.2163 0.3614 0.5266 0.6499 0.8432 0.5672 0.4353 0.0984 0.2215 0.4738 0.6882 0.8264 0.2540 0.4171 0.4665
1 1
0.3333
0.0000
50 25
0.6901
0.0770 0.3483 0.8871 0.6986 0.0932 0.8091 0.6759 0.1842 0.3158 0.7205 0.7744 0.7951 0.3724 0.2665 0.8928 0.8265 0.5154 0.0539 0.9641 0.5160 0.5109 0.2187 0.2443 0.7255 0.0863 0.6196 0.6598 0.6915 0.1224 0.1761 0.2215 0.7417 0.2683 0.9318 0.3512 0.3303 0.7742 0.1546 0.7287 0.0857 0.9438 0.1090 0.9926 0.5983 0.0507 0.8764 0.2791 0.3337 0.2108 0.8733
45 14
0.0203
0.0427 0.3979 0.2349 0.6650 0.2711 0.6677 0.9408 0.8693 0.3794 0.6026 0.6579 0.8421 0.4178 0.0936 0.1335 0.2139 0.7710 0.1881 0.4286 0.0071 0.6273 0.0707 0.0757 0.3422 0.3697 0.2009 0.7646 0.6888 0.3929 0.7267 0.6037 0.1937 0.9596 0.4878 0.3141 0.6174 0.5661 0.5123 0.3676 0.9591 0.4634 0.6190 0.2420 0.6645 0.0685
49 27
2.2603
0.6125 0.4379 0.5337 0.7001 0.5352 0.2062 0.1160 0.5509 0.0706 0.0739 0.5095 0.6873 0.4606 0.7694 0.6942 0.9229 0.1762 0.3850 0.7961 0.3106 0.4795 0.8561 0.4856 0.7932 0.1329 0.3545 0.0852 0.7481 0.8491 0.8354 0.6047 0.7444 0.2017 0.5165 0.5347 0.4266 0.5154 0.8378 0.1679 0.8691 0.7809 0.2869 0.2235 0.7064 0.2368 0.7213 0.6857 0.4581 0.2831
46 20
0.0122
0.5715 0.1681 0.9857 0.0148 0.8348 0.6931 0.4495 0.2558 0.7169 0.0778 0.1062 0.7164 0.1561 0.0355 0.9988 0.8587 0.8851 0.6138 0.4610 0.2879 0.0368 0.8978 0.3149 0.2051 0.1075 0.7943 0.0417 0.7603 0.2081 0.5347 0.0411 0.0770 0.0536 0.4057 0.8385 0.4084 0.1578 0.9022 0.8277 0.7461 0.9850 0.5603 0.7202 0.4677 0.1270 0.9566
49 41
8.7469
0.0739 0.3559 0.0052 0.0314 0.4675 0.5576 0.6023 0.2977 0.3810 0.9445 0.9252 0.2212 0.3382 0.1716 0.9113 0.7281 0.6680 0.8707 0.1898 0.5973 0.2122 0.4839 0.0593 0.4128 0.1458 0.2938 0.2376 0.7071 0.8760 0.2952 0.5620 0.0975 0.7911 0.1608 0.1647 0.4983 0.0702 0.8184 0.0912 0.6297 0.9209 0.8647 0.9400 0.8672 0.7321 0.6515 0.2619 0.0755 0.9651
50 25
1.0000
0.3333 0.3333 0.3333 0.3333 0.3333 0.3333 0.3333 0.3333 0.3333 0.3333 0.3333 0.3333 0.3333 0.3333 0.3333 0.3333 0.3333 0.3333 0.3333 0.3333 0.3333 0.3333 0.3333 0.3333 0.3333 0.3333 0.3333 0.3333 0.3333 0.3333 0.3333 0.3333 0.3333 0.3333 0.3333 0.3333 0.3333 0.3333 0.3333 0.3333 0.3333 0.3333 0.3333 0.3333 0.3333 0.3333 0.3333 0.3333 0.3333 0.3333
48 14
0.0083
0.6975 0.4842 0.5751 0.6126 0.1183 0.4896 0.1906 0.5756 0.7437 0.6799 0.8045 0.8452 0.6810 0.9090 0.5222 0.2379 0.5077 0.6486 0.7061 0.8238 0.5633 0.7889 0.2884 0.1842 0.5314 0.0324 0.8805 0.0894 0.8060 0.1166 0.2274 0.1264 0.5804 0.3276 0.7077 0.5583 0.6167 0.1054 0.9008 0.8279 0.8726 0.4398 0.3412 0.3622 0.7443 0.5680 0.6957 0.0117
46 8
11.4335
0.4643 0.6294 0.7800 0.3554 0.3995 0.2435 0.0532 0.2919 0.3779 0.4724 0.0537 0.3563 0.5085 0.6120 0.4679 0.0389 0.1189 0.3198 0.6728 0.0601 0.6577 0.8843 0.0221 0.3625 0.8734 0.6367 0.6739 0.9119 0.0365 0.7405 0.9100 0.9111 0.0446 0.4962 0.0967 0.4894 0.1328 0.7271 0.2453 0.4253 0.2217 0.3693 0.4325 0.2633 0.3698 0.9083
50 27
0.8179
0.6948 0.3140 0.5413 0.7263 0.7793 0.4647 0.2583 0.6183 0.4365 0.4415 0.2584 0.2094 0.1685 0.4481 0.5816 0.0291 0.8968 0.5960 0.6380 0.0256 0.1534 0.9688 0.4128 0.3163 0.5160 0.1385 0.1765 0.7691 0.0968 0.4528 0.3007 0.6671 0.4123 0.8612 0.0724 0.4683 0.7134 0.6379 0.3465 0.6587 0.3743 0.9120 0.4631 0.1810 0.3134 0.7204 0.2966 0.8303 0.1964 0.5977
50 50
0.0000
1.0000 1.0000 1.0000 1.0000 1.0000 1.0000 1.0000 1.0000 1.0000 1.0000 1.0000 1.0000 1.0000 1.0000 1.0000 1.0000 1.0000 1.0000 1.0000 1.0000 1.0000 1.0000 1.0000 1.0000 1.0000 1.0000 1.0000 1.0000 1.0000 1.0000 1.0000 1.0000 1.0000 1.0000 1.0000 1.0000 1.0000 1.0000 1.0000 1.0000 1.0000 1.0000 1.0000 1.0000 1.0000 1.0000 1.0000 1.0000 1.0000 1.0000
48 29
0.0220
0.2941 0.2305 0.7042 0.0538 0.0401 0.0415 0.9036 0.4959 0.4919 0.4886 0.0939 0.5027 0.6343 0.1660 0.0298 0.3094 0.3254 0.1019 0.2436 0.8759 0.3977 0.6559 0.5018 0.0388 0.0180 0.6137 0.5094 0.1641 0.5561 0.2952 0.5717 0.2942 0.0014 0.1497 0.1366 0.5316 0.3920 0.8801 0.4987 0.2737 0.1890 0.6127 0.3054 0.7345 0.5302 0.7793 0.1444 0.2000
50 49
0.0100
0.8760 0.3546 0.6483 0.6753 0.7591 0.5838 0.2865 0.2773 0.8914 0.5670 0.7127 0.1337 0.8226 0.5327 0.3828 0.1343 0.0640 0.6408 0.6898 0.7399 0.1389 0.5819 0.3033 0.8577 0.8602 0.6459 0.9529 0.9273 0.7946 0.7019 0.3635 0.6175 0.6358 0.3036 0.3895 0.2161 0.7312 0.6079 0.9435 0.8084 0.6202 0.6927 0.3887 0.5890 0.7175 0.4655 0.9644 0.7683 0.0125 0.7181
50 33
17.8927
0.1050 0.0413 0.8552 0.8229 0.2645 0.8391 0.2347 0.0562 0.1712 0.3886 0.3092 0.7226 0.3956 0.8917 0.2598 0.0726 0.9857 0.3495 0.7370 0.3705 0.7535 0.6516 0.1358 0.5686 0.7821 0.8820 0.3087 0.3521 0.8792 0.2042 0.3040 0.4037 0.6886 0.9278 0.4892 0.0432 0.1591 0.8496 0.9575 0.4609 0.4619 0.0330 0.9882 0.5761 0.7352 0.0933 0.1167 0.6886 0.4458 0.4102
47 17
0.6985
0.9851 0.7948 0.2456 0.7317 0.3387 0.9193 0.1971 0.0100 0.1514 0.4693 0.0453 0.2771 0.1595 0.5708 0.9893 0.8547 0.0348 0.5960 0.9336 0.0940 0.7367 0.7866 0.7923 0.5968 0.2880 0.8895 0.8708 0.5667 0.4434 0.6948 0.2117 0.9297 0.5915 0.1406 0.5860 0.6607 0.9608 0.8332 0.4395 0.5195 0.8305 0.6368 0.0166 0.4476 0.2779 0.9846 0.0711
47 15
0.0175
0.8624 0.8285 0.2899 0.7052 0.3595 0.8127 0.8308 0.6693 0.7725 0.6526 0.8238 0.3645 0.6267 0.6935 0.5820 0.3833 0.2506 0.0391 0.5253 0.0506 0.5000 0.7710 0.6975 0.6125 0.9554 0.0092 0.0232 0.1399 0.3685 0.8623 0.6707 0.8834 0.0581 0.8264 0.6133 0.8426 0.9654 0.5835 0.2218 0.1128 0.0492 0.9951 0.2977 0.5107 0.8158 0.8568 0.3476
46 44
0.0091
0.2319 0.6572 0.7738 0.8194 0.6337 0.6612 0.5759 0.8196 0.1724 0.9003 0.9803 0.9484 0.4938 0.6177 0.7423 0.3834 0.1404 0.8428 0.2748 0.8113 0.1775 0.8718 0.7093 0.3330 0.2909 0.1831 0.8587 0.5664 0.1193 0.6901 0.3451 0.2267 0.0278 0.1249 0.2606 0.6780 0.3425 0.6681 0.9389 0.2145 0.4190 0.7041 0.6621 0.8344 0.0610 0.2846
4 4
0.0001
0.0000 0.0000 0.0000 0.0000
45 18
0.0054
0.9057 0.4979 0.8584 0.9685 0.0004 0.6400 0.7739 0.4059 0.2253 0.8521 0.7218 0.6482 0.5992 0.7866 0.6344 0.4937 0.9861 0.9874 0.7377 0.3357 0.6714 0.8985 0.3819 0.0210 0.3823 0.9384 0.3683 0.4233 0.7108 0.6958 0.0668 0.9820 0.4706 0.4111 0.9632 0.8334 0.0746 0.4430 0.6927 0.8907 0.8801 0.2568 0.6987 0.2350 0.5531
50 25
0.0000
0.3333 0.3333 0.3333 0.3333 0.3333 0.3333 0.3333 0.3333 0.3333 0.3333 0.3333 0.3333 0.3333 0.3333 0.3333 0.3333 0.3333 0.3333 0.3333 0.3333 0.3333 0.3333 0.3333 0.3333 0.3333 0.3333 0.3333 0.3333 0.3333 0.3333 0.3333 0.3333 0.3333 0.3333 0.3333 0.3333 0.3333 0.3333 0.3333 0.3333 0.3333 0.3333 0.3333 0.3333 0.3333 0.3333 0.3333 0.3333 0.3333 0.3333
45 30
5.9405
0.8939 0.9936 0.2562 0.3612 0.9015 0.9600 0.6101 0.1261 0.6778 0.2764 0.9967 0.8388 0.1798 0.6088 0.2166 0.1589 0.4891 0.0531 0.6420 0.9324 0.8252 0.1761 0.2704 0.5643 0.1228 0.3772 0.1072 0.8096 0.0965 0.3299 0.0896 0.6366 0.0500 0.9165 0.5071 0.2870 0.5769 0.6761 0.3087 0.8003 0.8760 0.3407 0.9853 0.4214 0.4056
45 41
10.3112
0.4869 0.1303 0.0990 0.3327 0.2964 0.6571 0.7479 0.5287 0.3484 0.3520 0.9583 0.7806 0.4748 0.2724 0.7841 0.2684 0.5042 0.9927 0.7385 0.0286 0.9635 0.4876 0.4045 0.0767 0.4223 0.1713 0.0555 0.6204 0.5826 0.4426 0.5109 0.9151 0.4539 0.5865 0.9476 0.3598 0.9354 0.5577 0.5767 0.7821 0.3508 0.1609 0.0806 0.9187 0.1355
50 50
50.0000
0.0000 0.0000 0.0000 0.0000 0.0000 0.0000 0.0000 0.0000 0.0000 0.0000 0.0000 0.0000 0.0000 0.0000 0.0000 0.0000 0.0000 0.0000 0.0000 0.0000 0.0000 0.0000 0.0000 0.0000 0.0000 0.0000 0.0000 0.0000 0.0000 0.0000 0.0000 0.0000 0.0000 0.0000 0.0000 0.0000 0.0000 0.0000 0.0000 0.0000 0.0000 0.0000 0.0000 0.0000 0.0000 0.0000 0.0000 0.0000 0.0000 0.0000
49 21
0.0062
0.4796 0.8827 0.7344 0.0265 0.6668 0.1064 0.3060 0.0736 0.3834 0.4569 0.7958 0.6604 0.7198 0.7799 0.9822 0.7205 0.8111 0.9234 0.2330 0.5877 0.2233 0.5287 0.0476 0.4731 0.8244 0.8419 0.8081 0.5087 0.3934 0.2625 0.5279 1.0000 0.3822 0.0773 0.8444 0.9352 0.0896 0.4062 0.3389 0.2117 0.9301 0.1811 0.0260 0.8174 0.2204 0.6998 0.4701 0.0605 0.3928
50 1
0.0000
1.0000 1.0000 1.0000 1.0000 1.0000 1.0000 1.0000 1.0000 1.0000 1.0000 1.0000 1.0000 1.0000 1.0000 1.0000 1.0000 1.0000 1.0000 1.0000 1.0000 1.0000 1.0000 1.0000 1.0000 1.0000 1.0000 1.0000 1.0000 1.0000 1.0000 1.0000 1.0000 1.0000 1.0000 1.0000 1.0000 1.0000 1.0000 1.0000 1.0000 1.0000 1.0000 1.0000 1.0000 1.0000 1.0000 1.0000 1.0000 1.0000 1.0000
50 1
33.3350
0.3333 0.3333 0.3333 0.3333 0.3333 0.3333 0.3333 0.3333 0.3333 0.3333 0.3333 0.3333 0.3333 0.3333 0.3333 0.3333 0.3333 0.3333 0.3333 0.3333 0.3333 0.3333 0.3333 0.3333 0.3333 0.3333 0.3333 0.3333 0.3333 0.3333 0.3333 0.3333 0.3333 0.3333 0.3333 0.3333 0.3333 0.3333 0.3333 0.3333 0.3333 0.3333 0.3333 0.3333 0.3333 0.3333 0.3333 0.3333 0.3333 0.3333
1 1
0.3333
0.5000
50 25
33.3350
0.3333 0.3333 0.3333 0.3333 0.3333 0.3333 0.3333 0.3333 0.3333 0.3333 0.3333 0.3333 0.3333 0.3333 0.3333 0.3333 0.3333 0.3333 0.3333 0.3333 0.3333 0.3333 0.3333 0.3333 0.3333 0.3333 0.3333 0.3333 0.3333 0.3333 0.3333 0.3333 0.3333 0.3333 0.3333 0.3333 0.3333 0.3333 0.3333 0.3333 0.3333 0.3333 0.3333 0.3333 0.3333 0.3333 0.3333 0.3333 0.3333 0.3333
46 44
8.4191
0.8430 0.6688 0.8797 0.4718 0.8521 0.3704 0.2610 0.2373 0.0808 0.4507 0.4587 0.0891 0.8658 0.0523 0.7195 0.5740 0.1380 0.3896 0.7026 0.7593 0.1300 0.5919 0.8245 0.9980 0.2845 0.5683 0.4354 0.3994 0.2984 0.5865 0.5285 0.7035 0.8935 0.7576 0.7744 0.5806 0.6177 0.2724 0.1126 0.2617 0.8502 0.9875 0.0471 0.6474 0.6741 0.3382
46 35
0.0144
0.7052 0.6105 0.7302 0.1900 0.4702 0.8361 0.5941 0.9380 0.6157 0.6484 0.2097 0.5584 0.5248 0.4816 0.4207 0.7427 0.3755 0.1293 0.0436 0.3205 0.3368 0.4067 0.3662 0.7975 0.5984 0.4025 0.8485 0.4485 0.4967 0.3768 0.1403 0.2509 0.7635 0.1873 0.0210 0.6664 0.0226 0.1348 0.4181 0.8042 0.4642 0.0179 0.8552 0.8401 0.7054 0.6410
48 36
0.0157
0.0730 0.7948 0.0626 0.8495 0.5098 0.5734 0.9254 0.8613 0.3720 0.3966 0.5387 0.6344 0.6767 0.1032 0.4352 0.3069 0.1028 0.6921 0.8587 0.1764 0.7616 0.8680 0.9384 0.3079 0.1413 0.4809 0.4639 0.1098 0.4890 0.9379 0.9477 0.3634 0.2796 0.5379 0.3293 0.9353 0.2843 0.6949 0.8064 0.9328 0.0780 0.3426 0.4144 0.3650 0.4970 0.0064 0.5915 0.3528
46 31
4.4759
0.4154 0.9679 0.4202 0.4713 0.4830 0.8731 0.7784 0.9085 0.0120 0.1112 0.1737 0.8851 0.2653 0.2348 0.6719 0.9244 0.4871 0.8227 0.9725 0.2952 0.6251 0.5303 0.2954 0.4590 0.2830 0.3716 0.7116 0.7925 0.6222 0.8592 0.1506 0.3968 0.8276 0.7928 0.5577 0.5552 0.1777 0.7962 0.9038 0.4959 0.7858 0.1177 0.6895 0.1532 0.0699 0.6064
2 1
0.0000
1.0000 1.0000
47 31
4.3003
0.5298 0.8412 0.2506 0.9726 0.9653 0.7841 0.9600 0.8624 0.4085 0.2090 0.5758 0.8376 0.4140 0.8581 0.7874 0.8595 0.9385 0.7948 0.5743 0.9355 0.8746 0.3490 0.3344 0.8162 0.5519 0.3692 0.2910 0.5669 0.6717 0.0796 0.4483 0.0074 0.6586 0.9828 0.2105 0.2952 0.0500 0.9217 0.8908 0.7089 0.9240 0.2498 0.6931 0.2736 0.8919 0.8380 0.1496
2 1
0.3333
0.0000 0.0000
46 30
0.0005
0.0219 0.9319 0.4327 0.6555 0.7470 0.4369 0.4394 0.8463 0.0528 0.7835 0.5380 0.6130 0.9001 0.3850 0.3712 0.7958 0.2124 0.1146 0.9539 0.5574 0.9035 0.3717 0.6379 0.8787 0.2716 0.1185 0.2031 0.9568 0.2622 0.2398 0.1182 0.7605 0.1307 0.5376 0.8365 0.1435 0.9011 0.1685 0.1793 0.7027 0.4293 0.7085 0.2081 0.6917 0.9501 0.1247
50 50
0.0050
0.9999 0.9999 0.9999 0.9999 0.9999 0.9999 0.9999 0.9999 0.9999 0.9999 0.9999 0.9999 0.9999 0.9999 0.9999 0.9999 0.9999 0.9999 0.9999 0.9999 0.9999 0.9999 0.9999 0.9999 0.9999 0.9999 0.9999 0.9999 0.9999 0.9999 0.9999 0.9999 0.9999 0.9999 0.9999 0.9999 0.9999 0.9999 0.9999 0.9999 0.9999 0.9999 0.9999 0.9999 0.9999 0.9999 0.9999 0.9999 0.9999 0.9999
48 36
14.0276
0.6612 0.7887 0.7756 0.2081 0.9352 0.2207 0.1182 0.2223 0.3928 0.7680 0.6696 0.1226 0.6518 0.8222 0.8118 0.0080 0.9794 0.8423 0.2235 0.7856 0.0531 0.1030 0.1175 0.1040 0.6482 0.0289 0.6508 0.7853 0.1273 0.3617 0.2146 0.5890 0.1797 0.7664 0.3942 0.8808 0.8157 0.2452 0.3802 0.1973 0.4564 0.4294 0.4493 0.6399 0.4451 0.7772 0.4258 0.1363
48 4
0.0036
0.9069 0.9730 0.8822 0.1132 0.6238 0.7949 0.0613 0.4887 0.6824 0.0524 0.2565 0.6345 0.5083 0.9622 0.4401 0.6538 0.3758 0.1401 0.4310 0.1353 0.1699 0.5374 0.3362 0.9351 0.4936 0.1774 0.5599 0.2809 0.3735 0.1150 0.3061 0.6123 0.3722 0.9749 0.9198 0.8814 0.9287 0.1670 0.7672 0.3168 0.0422 0.2010 0.0580 0.4612 0.6188 0.9956 0.6971 0.2826
1 1
0.0000
1.0000
48 22
0.0146
0.8960 0.9280 0.3162 0.5575 0.8986 0.7412 0.3204 0.0698 0.7562 0.0238 0.5511 0.0595 0.4565 0.7718 0.9223 0.2601 0.3704 0.9536 0.8996 0.4848 0.0345 0.6029 0.7895 0.8336 0.5756 0.9379 0.5747 0.1996 0.1284 0.4638 0.2958 0.6525 0.8210 0.1440 0.5681 0.9860 0.7741 0.4341 0.9472 0.1640 0.4256 0.8822 0.3465 0.6289 0.0953 0.6251 0.0825 0.9396
50 25
50.0000
0.0000 0.0000 0.0000 0.0000 0.0000 0.0000 0.0000 0.0000 0.0000 0.0000 0.0000 0.0000 0.0000 0.0000 0.0000 0.0000 0.0000 0.0000 0.0000 0.0000 0.0000 0.0000 0.0000 0.0000 0.0000 0.0000 0.0000 0.0000 0.0000 0.0000 0.0000 0.0000 0.0000 0.0000 0.0000 0.0000 0.0000 0.0000 0.0000 0.0000 0.0000 0.0000 0.0000 0.0000 0.0000 0.0000 0.0000 0.0000 0.0000 0.0000
50 22
4.9949
0.4283 0.9545 0.3667 0.1893 0.1838 0.9619 0.9673 0.5544 0.9212 0.5441 0.2507 0.0595 0.3078 0.3560 0.3269 0.0148 0.3904 0.2829 0.7259 0.7541 0.8010 0.2738 0.1717 0.5875 0.1997 0.5512 0.5945 0.7317 0.6579 0.8851 0.1229 0.5478 0.0181 0.1208 0.4693 0.2488 0.4554 0.3040 0.0509 0.4787 0.6017 0.5785 0.0524 0.7177 0.4670 0.8271 0.9212 0.1300 0.0461 0.9863
50 25
1.0000
0.0000 0.0000 0.0000 0.0000 0.0000 0.0000 0.0000 0.0000 0.0000 0.0000 0.0000 0.0000 0.0000 0.0000 0.0000 0.0000 0.0000 0.0000 0.0000 0.0000 0.0000 0.0000 0.0000 0.0000 0.0000 0.0000 0.0000 0.0000 0.0000 0.0000 0.0000 0.0000 0.0000 0.0000 0.0000 0.0000 0.0000 0.0000 0.0000 0.0000 0.0000 0.0000 0.0000 0.0000 0.0000 0.0000 0.0000 0.0000 0.0000 0.0000
1 1
0.5000
0.5000
50 50
33.3350
0.3333 0.3333 0.3333 0.3333 0.3333 0.3333 0.3333 0.3333 0.3333 0.3333 0.3333 0.3333 0.3333 0.3333 0.3333 0.3333 0.3333 0.3333 0.3333 0.3333 0.3333 0.3333 0.3333 0.3333 0.3333 0.3333 0.3333 0.3333 0.3333 0.3333 0.3333 0.3333 0.3333 0.3333 0.3333 0.3333 0.3333 0.3333 0.3333 0.3333 0.3333 0.3333 0.3333 0.3333 0.3333 0.3333 0.3333 0.3333 0.3333 0.3333
50 49
0.0000
0.9999 0.9999 0.9999 0.9999 0.9999 0.9999 0.9999 0.9999 0.9999 0.9999 0.9999 0.9999 0.9999 0.9999 0.9999 0.9999 0.9999 0.9999 0.9999 0.9999 0.9999 0.9999 0.9999 0.9999 0.9999 0.9999 0.9999 0.9999 0.9999 0.9999 0.9999 0.9999 0.9999 0.9999 0.9999 0.9999 0.9999 0.9999 0.9999 0.9999 0.9999 0.9999 0.9999 0.9999 0.9999 0.9999 0.9999 0.9999 0.9999 0.9999
48 32
0.0212
0.8009 0.3293 0.5528 0.3012 0.7067 0.7220 0.7488 0.4171 0.4087 0.4883 0.6184 0.2360 0.6093 0.5887 0.6997 0.0613 0.8405 0.9180 0.3283 0.2026 0.0902 0.0837 0.2072 0.7147 0.7174 0.6852 0.1915 0.8544 0.0192 0.4260 0.5134 0.8726 0.3937 0.8272 0.9881 0.2795 0.5906 0.9084 0.7950 0.6387 0.7589 0.4908 0.4073 0.3155 0.0368 0.2247 0.1302 0.4951
47 31
0.0255
0.0352 0.9572 0.8255 0.7598 0.8228 0.4217 0.8943 0.8552 0.3117 0.3883 0.5332 0.3713 0.8108 0.7776 0.2893 0.4216 0.4714 0.9899 0.4297 0.2098 0.1366 0.2647 0.3072 0.6277 0.3982 0.1179 0.0678 0.1486 0.4846 0.0878 0.8860 0.2044 0.6506 0.0754 0.2681 0.4956 0.1181 0.6875 0.9918 0.0487 0.4868 0.6861 0.0127 0.4514 0.1884 0.4806 0.2438
1 1
1.0000
0.0000
50 24
0.0226
0.6110 0.3246 0.2454 0.3485 0.6427 0.1923 0.0497 0.7252 0.1946 0.7657 0.5112 0.3530 0.1252 0.1221 0.3348 0.0178 0.4511 0.2933 0.4820 0.1636 0.7754 0.6599 0.8953 0.2867 0.0064 0.4041 0.7910 0.4331 0.9496 0.5987 0.9986 0.0179 0.3166 0.8001 0.2779 0.0059 0.2269 0.6085 0.3638 0.2204 0.2307 0.3419 0.9075 0.0616 0.0236 0.1049 0.4247 0.4415 0.9717 0.4309
50 13
19.4764
0.3980 0.9190 0.3475 0.9330 0.3546 0.9738 0.6284 0.0062 0.7648 0.0737 0.0113 0.6838 0.7205 0.6875 0.5602 0.1615 0.7824 0.7686 0.8199 0.0653 0.3216 0.3201 0.7201 0.5856 0.7900 0.4850 0.4433 0.5253 0.8906 0.9725 0.1154 0.9403 0.5981 0.6530 0.1686 0.3779 0.0287 0.6858 0.6060 0.1530 0.2741 0.1322 0.2354 0.9976 0.7354 0.7912 0.5681 0.2887 0.0291 0.8869
47 11
0.0143
0.7077 0.0067 0.3993 0.6090 0.0940 0.6704 0.8192 0.9512 0.4409 0.4212 0.3600 0.1463 0.6778 0.1392 0.2970 0.6487 0.5389 0.7069 0.8154 0.7580 0.0335 0.1824 0.6524 0.3622 0.2468 0.0067 0.7330 0.4551 0.7481 0.9290 0.9065 0.7190 0.0630 0.0640 0.6940 0.7851 0.4943 0.3223 0.0989 0.0121 0.3607 0.7848 0.6351 0.7781 0.9352 0.7291 0.4902
47 24
3.3765
0.6444 0.5958 0.5034 0.4047 0.9525 0.3741 0.8553 0.4046 0.9180 0.3664 0.6746 0.3714 0.5311 0.3980 0.9702 0.8624 0.9103 0.0905 0.4006 0.9168 0.0519 0.9811 0.2997 0.4683 0.8268 0.3215 0.3215 0.1039 0.2815 0.8650 0.9107 0.8836 0.2746 0.9160 0.8871 0.9910 0.2957 0.8160 0.7541 0.5483 0.8714 0.0225 0.3148 0.2429 0.0008 0.0221 0.2650
47 29
0.0099
0.3430 0.3466 0.4559 0.0865 0.0489 0.9161 0.9668 0.8613 0.6008 0.4161 0.2243 0.7932 0.6369 0.1652 0.0313 0.9603 0.4015 0.3956 0.8182 0.7074 0.7735 0.8389 0.2686 0.9192 0.1334 0.9744 0.1483 0.5070 0.0226 0.9490 0.0943 0.5016 0.2604 0.1256 0.8881 0.5499 0.2823 0.0966 0.5956 0.1120 0.5827 0.6765 0.1272 0.8302 0.2662 0.3852 0.0653
