100
4 4
1.4000
0.5000 0.7000 0.8000 0.6000
2 2
1.0000
0.0000 0.0000
2 2
0.0000
0.9000 0.8000
2 2
0.1000
0.4000 0.5000
1 1
0.5000
0.5000
49 49
15.8139
0.0528 0.9001 0.9751 0.5380 0.6917 0.4327 0.1247 0.2031 0.9568 0.6366 0.9967 0.9539 0.2252 0.4214 0.4369 0.3717 0.3850 0.8096 0.5574 0.9011 0.5376 0.7085 0.9015 0.1307 0.3087 0.6101 0.8388 0.6130 0.7958 0.0965 0.1228 0.2716 0.7027 0.5071 0.4352 0.6379 0.4394 0.1185 0.2622 0.1793 0.8463 0.8787 0.9035 0.8365 0.1182 0.2124 0.6555 0.0219 0.6870
50 50
21.1098
0.8328 0.2307 0.9986 0.4785 0.9021 0.1844 0.0064 0.5987 0.5162 0.1221 0.1252 0.6110 0.4247 0.4926 0.7657 0.0236 0.3777 0.2753 0.7754 0.8190 0.1340 0.0906 0.7910 0.4415 0.4820 0.4770 0.4309 0.9501 0.2173 0.5413 0.4511 0.4241 0.3419 0.3638 0.3530 0.3246 0.6392 0.0497 0.8955 0.1946 0.8001 0.7535 0.6187 0.1162 0.4346 0.2201 0.8842 0.3485 0.0178 0.1636
46 46
16.0198
0.5479 0.9551 0.4407 0.8519 0.4169 0.8463 0.0637 0.1905 0.8691 0.7819 0.7535 0.1063 0.6177 0.4301 0.8917 0.3639 0.0441 0.4326 0.3075 0.1915 0.8303 0.2133 0.4373 0.6414 0.7852 0.2706 0.5554 0.9470 0.7955 0.1509 0.7103 0.4863 0.9320 0.4065 0.8217 0.7693 0.0863 0.2706 0.2770 0.4230 0.0724 0.8054 0.0624 0.0081 0.1356 0.7530
49 49
20.9623
0.6988 0.7668 0.2038 0.7598 0.4600 0.9206 0.4352 0.5394 0.0565 0.1388 0.2557 0.1856 0.6089 0.9989 0.2133 0.6517 0.2933 0.2174 0.1557 0.8994 0.8835 0.6568 0.0372 0.2146 0.5358 0.8754 0.4479 0.3382 0.4308 0.1836 0.7215 0.1191 0.5471 0.4606 0.4544 0.7022 0.0193 0.4518 0.2217 0.1439 0.2191 0.7331 0.0768 0.8357 0.7350 0.4595 0.9089 0.4577 0.3948
45 45
14.8277
0.9942 0.6019 0.7629 0.6468 0.0522 0.2264 0.6783 0.2266 0.7493 0.3112 0.4104 0.8080 0.4797 0.1453 0.8359 0.3283 0.6093 0.7216 0.9632 0.2596 0.3375 0.0164 0.7326 0.4826 0.6825 0.1998 0.4823 0.2227 0.5076 0.8254 0.2784 0.4177 0.4360 0.8570 0.8201 0.5959 0.2109 0.0320 0.7816 0.5399 0.4263 0.2654 0.5518 0.7537 0.8035
50 50
16.6456
0.7350 0.8502 0.1264 0.3588 0.9786 0.7658 0.9839 0.8310 0.4684 0.3097 0.1712 0.4856 0.4332 0.7585 0.1663 0.5212 0.9410 0.9571 0.0847 0.7598 0.0732 0.0892 0.6597 0.4090 0.4381 0.0216 0.2240 0.6053 0.6435 0.9924 0.0816 0.9919 0.4502 0.5422 0.6074 0.2845 0.1834 0.7323 0.8805 0.0038 0.7672 0.1381 0.2438 0.5611 0.9831 0.5907 0.0673 0.7552 0.9166 0.2339
45 45
17.3180
0.6935 0.3386 0.6151 0.3596 0.1889 0.4068 0.8971 0.7108 0.9622 0.3802 0.9981 0.3822 0.8686 0.9309 0.4868 0.4458 0.8845 0.4320 0.0402 0.5169 0.8456 0.7999 0.6185 0.2481 0.0114 0.9743 0.6706 0.1501 0.1529 0.3481 0.3148 0.6353 0.8744 0.1927 0.0569 0.9870 0.3027 0.2271 0.6534 0.1423 0.9943 0.8049 0.0645 0.4110 0.8505
49 49
18.1745
0.4260 0.4715 0.8051 0.0098 0.0954 0.0046 0.9819 0.5081 0.4559 0.1658 0.9567 0.0985 0.3849 0.8796 0.0455 0.3614 0.7836 0.7720 0.4683 0.3002 0.8781 0.7228 0.8813 0.7755 0.3244 0.6906 0.0247 0.6353 0.4663 0.3622 0.2056 0.0064 0.7325 0.8080 0.5224 0.6405 0.8020 0.6280 0.0075 0.4393 0.8812 0.8262 0.8768 0.6167 0.1402 0.2099 0.3276 0.2970 0.2223
47 47
15.7458
0.1030 0.4081 0.3687 0.6329 0.9063 0.8291 0.9438 0.3429 0.0167 0.6627 0.1357 0.6946 0.8916 0.9611 0.7649 0.2441 0.7636 0.8331 0.9930 0.5298 0.3919 0.6714 0.2376 0.8034 0.6053 0.0093 0.3314 0.0760 0.6708 0.0568 0.0602 0.5236 0.5827 0.2865 0.9084 0.8871 0.5403 0.5398 0.7729 0.6491 0.8055 0.4203 0.2305 0.1527 0.5593 0.2915 0.6845
50 50
0.0000
0.8700 0.8700 0.8700 0.8700 0.8700 0.8700 0.8700 0.8700 0.8700 0.8700 0.8700 0.8700 0.8700 0.8700 0.8700 0.8700 0.8700 0.8700 0.8700 0.8700 0.8700 0.8700 0.8700 0.8700 0.8700 0.8700 0.8700 0.8700 0.8700 0.8700 0.8700 0.8700 0.8700 0.8700 0.8700 0.8700 0.8700 0.8700 0.8700 0.8700 0.8700 0.8700 0.8700 0.8700 0.8700 0.8700 0.8700 0.8700 0.8700 0.8700
45 45
3.5904
0.1036 0.2692 0.1847 0.4031 0.2414 0.3252 0.5221 0.4568 0.7715 0.4465 0.8075 0.3308 0.3448 0.4972 0.3028 0.7248 0.2361 0.9563 0.3085 0.7976 0.5679 0.1720 0.8945 0.3880 0.9111 0.8465 0.4654 0.8268 0.6697 0.3324 0.4820 0.3233 0.5127 0.5776 0.4244 0.4581 0.7398 0.1018 0.7122 0.4520 0.3892 0.3655 0.1272 0.1824 0.6942
50 50
18.5545
0.2359 0.7263 0.8102 0.1775 0.4484 0.2292 0.8709 0.9695 0.7874 0.5131 0.2134 0.0381 0.6407 0.3552 0.3676 0.1461 0.7994 0.8350 0.2411 0.7997 0.6706 0.0355 0.5247 0.0473 0.4541 0.9103 0.6144 0.5815 0.4485 0.2746 0.6986 0.3564 0.0020 0.0516 0.6131 0.5990 0.1376 0.7136 0.2199 0.4555 0.7760 0.1170 0.3617 0.4998 0.9675 0.4592 0.1336 0.0858 0.3908 0.3695
50 50
17.0430
0.9053 0.1790 0.7592 0.5674 0.0454 0.6288 0.9856 0.5196 0.7190 0.6526 0.1005 0.6312 0.9353 0.8534 0.7586 0.6684 0.5492 0.6026 0.5357 0.9510 0.2439 0.2353 0.9842 0.2208 0.0819 0.3018 0.0971 0.6365 0.2474 0.3631 0.2218 0.3139 0.9544 0.3224 0.9912 0.4140 0.2575 0.3163 0.8403 0.5902 0.6743 0.2363 0.7559 0.3064 0.6074 0.3074 0.6095 0.0925 0.1690 0.4636
50 50
17.7356
0.2700 0.4998 0.4911 0.9539 0.2911 0.0253 0.3994 0.4737 0.0018 0.5490 0.8726 0.7438 0.3732 0.5971 0.4583 0.2951 0.6062 0.7330 0.5392 0.8132 0.2686 0.3588 0.2185 0.7424 0.0688 0.6499 0.1040 0.1661 0.3815 0.4764 0.1055 0.6717 0.6179 0.6106 0.3975 0.7923 0.5238 0.8058 0.2616 0.0850 0.6962 0.3536 0.7450 0.3639 0.7950 0.4914 0.6098 0.9931 0.8962 0.9961
48 48
23.1519
0.2009 0.0562 0.3898 0.1107 0.8532 0.6273 0.6174 0.3703 0.7340 0.4606 0.3794 0.4634 0.9408 0.3929 0.3683 0.2572 0.1491 0.3422 0.3349 0.8693 0.9172 0.1919 0.9285 0.6579 0.6657 0.0009 0.6026 0.3458 0.9928 0.0071 0.3455 0.7067 0.3702 0.6792 0.3141 0.6790 0.1108 0.3697 0.2349 0.7411 0.4286 0.9417 0.7180 0.5588 0.0446 0.2139 0.7847 0.3918
50 50
0.6901
0.8265 0.0932 0.1546 0.9641 0.1090 0.2443 0.6196 0.0507 0.3483 0.9318 0.2108 0.0863 0.6915 0.2665 0.0770 0.7951 0.9926 0.3337 0.7205 0.3724 0.1761 0.1842 0.7744 0.3303 0.8871 0.7742 0.7255 0.2791 0.1224 0.8764 0.6598 0.2683 0.8733 0.6759 0.7287 0.5160 0.8091 0.3512 0.0539 0.7417 0.5154 0.6986 0.3158 0.5109 0.2215 0.9438 0.5983 0.0857 0.2187 0.8928
47 47
0.5837
0.6131 0.3154 0.7619 0.8177 0.5956 0.8738 0.5064 0.8003 0.8867 0.2756 0.5373 0.0343 0.9160 0.6248 0.0304 0.7741 0.0082 0.4499 0.5603 0.5026 0.7999 0.4096 0.4186 0.4740 0.8283 0.1291 0.9137 0.3950 0.6048 0.2976 0.9918 0.8207 0.7167 0.1457 0.2916 0.7970 0.6586 0.3793 0.2637 0.7335 0.3602 0.3682 0.5646 0.8463 0.7012 0.1213 0.6696
49 49
18.2157
0.1885 0.9419 0.6998 0.4371 0.3000 0.5618 0.4175 0.9734 0.2995 0.9491 0.9504 0.3189 0.1300 0.3375 0.9989 0.4808 0.2333 0.3175 0.8058 0.1800 0.3665 0.7167 0.3889 0.3672 0.3874 0.7027 0.9339 0.8272 0.1061 0.5429 0.6382 0.2899 0.3255 0.1451 0.5713 0.2503 0.6584 0.5725 0.7998 0.1360 0.1328 0.8091 0.6690 0.7314 0.2822 0.5307 0.7519 0.4797 0.5237
49 49
2.2603
0.0739 0.5154 0.2831 0.4266 0.8491 0.7001 0.1160 0.7809 0.3545 0.7444 0.5337 0.5165 0.2368 0.6047 0.1329 0.8378 0.0852 0.4606 0.2235 0.2869 0.3850 0.1762 0.8561 0.7694 0.7932 0.8354 0.6873 0.5352 0.7064 0.7213 0.4795 0.4379 0.9229 0.6857 0.7961 0.5509 0.5347 0.1679 0.2062 0.4581 0.7481 0.2017 0.6125 0.4856 0.8691 0.5095 0.0706 0.3106 0.6942
48 48
18.5799
0.0401 0.6149 0.7793 0.4181 0.5281 0.6993 0.5094 0.1497 0.7922 0.2737 0.5183 0.2000 0.2113 0.0734 0.1697 0.7260 0.8996 0.6977 0.5145 0.3914 0.5561 0.5329 0.4959 0.3073 0.3703 0.5620 0.0298 0.9718 0.5717 0.3920 0.3632 0.5316 0.3433 0.8143 0.9420 0.2337 0.0069 0.2305 0.1317 0.1890 0.8707 0.5056 0.5650 0.1464 0.6439 0.5323 0.1660 0.6039
45 45
21.5063
0.1608 0.7786 0.9303 0.8993 0.3839 0.3911 0.6408 0.7483 0.0836 0.4594 0.7878 0.8579 0.0416 0.4537 0.9698 0.0121 0.1255 0.5166 0.3299 0.2836 0.9067 0.4925 0.2553 0.4802 0.0744 0.0885 0.5787 0.1384 0.1719 0.6292 0.0163 0.2700 0.5240 0.7758 0.3565 0.3870 0.0684 0.3363 0.4784 0.0295 0.5079 0.0966 0.1388 0.9884 0.7770
50 50
0.0000
1.0000 1.0000 1.0000 1.0000 1.0000 1.0000 1.0000 1.0000 1.0000 1.0000 1.0000 1.0000 1.0000 1.0000 1.0000 1.0000 1.0000 1.0000 1.0000 1.0000 1.0000 1.0000 1.0000 1.0000 1.0000 1.0000 1.0000 1.0000 1.0000 1.0000 1.0000 1.0000 1.0000 1.0000 1.0000 1.0000 1.0000 1.0000 1.0000 1.0000 1.0000 1.0000 1.0000 1.0000 1.0000 1.0000 1.0000 1.0000 1.0000 1.0000
45 45
21.2775
0.7479 0.5463 0.4953 0.7777 0.7321 0.0838 0.8038 0.5701 0.1745 0.1115 0.6860 0.7295 0.9789 0.2246 0.4511 0.7760 0.1703 0.9853 0.8720 0.8087 0.1136 0.4204 0.0574 0.0193 0.7036 0.8595 0.5104 0.5771 0.0386 0.5365 0.4383 0.2194 0.7589 0.2785 0.0739 0.8473 0.0424 0.2919 0.4584 0.2978 0.0069 0.8784 0.2417 0.2341 0.0470
50 50
1.0000
0.0000 0.0000 0.0000 0.0000 0.0000 0.0000 0.0000 0.0000 0.0000 0.0000 0.0000 0.0000 0.0000 0.0000 0.0000 0.0000 0.0000 0.0000 0.0000 0.0000 0.0000 0.0000 0.0000 0.0000 0.0000 0.0000 0.0000 0.0000 0.0000 0.0000 0.0000 0.0000 0.0000 0.0000 0.0000 0.0000 0.0000 0.0000 0.0000 0.0000 0.0000 0.0000 0.0000 0.0000 0.0000 0.0000 0.0000 0.0000 0.0000 0.0000
50 50
33.3350
0.3333 0.3333 0.3333 0.3333 0.3333 0.3333 0.3333 0.3333 0.3333 0.3333 0.3333 0.3333 0.3333 0.3333 0.3333 0.3333 0.3333 0.3333 0.3333 0.3333 0.3333 0.3333 0.3333 0.3333 0.3333 0.3333 0.3333 0.3333 0.3333 0.3333 0.3333 0.3333 0.3333 0.3333 0.3333 0.3333 0.3333 0.3333 0.3333 0.3333 0.3333 0.3333 0.3333 0.3333 0.3333 0.3333 0.3333 0.3333 0.3333 0.3333
45 45
14.9935
0.2888 0.9138 0.3265 0.7372 0.7138 0.6420 0.7216 0.8490 0.3439 0.3696 0.1422 0.4913 0.6619 0.6515 0.3264 0.3378 0.5019 0.0561 0.6762 0.7241 0.1625 0.8701 0.8738 0.5700 0.4559 0.7411 0.2731 0.6801 0.2283 0.5239 0.3363 0.9292 0.0264 0.7769 0.5536 0.7534 0.1794 0.9240 0.9783 0.2930 0.3627 0.6959 0.2141 0.3643 0.6907
48 48
20.4383
0.6422 0.9770 0.9432 0.8277 0.3553 0.2929 0.5651 0.9957 0.4951 0.7464 0.3140 0.5861 0.6998 0.9201 0.2602 0.6064 0.7593 0.9756 0.1678 0.2471 0.6235 0.0453 0.1564 0.6246 0.3096 0.1541 0.0803 0.9549 0.0720 0.6674 0.1211 0.6553 0.1431 0.0393 0.0899 0.5520 0.9904 0.7444 0.2922 0.7690 0.4854 0.3155 0.6677 0.4902 0.2307 0.9981 0.7600 0.2996
46 46
18.7147
0.9120 0.8685 0.8519 0.8434 0.5960 0.0585 0.0711 0.1849 0.2637 0.8523 0.0550 0.6380 0.4365 0.0773 0.4128 0.5160 0.7793 0.4481 0.4123 0.9488 0.4647 0.5087 0.9996 0.6506 0.7164 0.7164 0.1545 0.4109 0.3743 0.4415 0.2880 0.6204 0.6609 0.6948 0.2922 0.2590 0.7134 0.9156 0.0968 0.1810 0.3007 0.8612 0.0752 0.2094 0.2583 0.5977
49 49
20.9767
0.4920 0.2456 0.3229 0.7640 0.6083 0.6596 0.7662 0.1597 0.7552 0.6657 0.9345 0.0559 0.7238 0.0318 0.9649 0.3427 0.4426 0.6459 0.4638 0.2190 0.3198 0.2541 0.0780 0.5587 0.9252 0.1197 0.3006 0.7401 0.0905 0.8729 0.0511 0.2543 0.3620 0.9502 0.5981 0.5385 0.1585 0.5175 0.1955 0.6266 0.7856 0.5006 0.3554 0.1737 0.8237 0.9530 0.3236 0.6057 0.5804
48 48
16.7586
0.7325 0.3763 0.1366 0.5324 0.2754 0.8622 0.2903 0.9289 0.2952 0.0453 0.2552 0.5851 0.1009 0.4974 0.0097 0.9682 0.5123 0.7971 0.5096 0.4845 0.5804 0.3236 0.0305 0.9819 0.0815 0.7166 0.1538 0.5490 0.8063 0.8446 0.2875 0.7268 0.0762 0.8956 0.4051 0.7153 0.3712 0.1385 0.1014 0.8468 0.8403 0.6692 0.7011 0.6783 0.8689 0.2320 0.4472 0.1820
49 49
17.5550
0.0595 0.0430 0.3529 0.3899 0.3228 0.8502 0.5206 0.8385 0.8503 0.8446 0.8494 0.1577 0.1126 0.3939 0.1651 0.1307 0.1580 0.8569 0.6171 0.8347 0.9511 0.6851 0.1962 0.0146 0.2733 0.8849 0.6227 0.0478 0.3961 0.1070 0.0648 0.2660 0.3516 0.9534 0.1265 0.6089 0.7132 0.0451 0.9315 0.3366 0.0703 0.9572 0.5552 0.9817 0.2927 0.6170 0.6006 0.6656 0.3486
50 50
50.0000
0.0000 0.0000 0.0000 0.0000 0.0000 0.0000 0.0000 0.0000 0.0000 0.0000 0.0000 0.0000 0.0000 0.0000 0.0000 0.0000 0.0000 0.0000 0.0000 0.0000 0.0000 0.0000 0.0000 0.0000 0.0000 0.0000 0.0000 0.0000 0.0000 0.0000 0.0000 0.0000 0.0000 0.0000 0.0000 0.0000 0.0000 0.0000 0.0000 0.0000 0.0000 0.0000 0.0000 0.0000 0.0000 0.0000 0.0000 0.0000 0.0000 0.0000
50 50
20.7992
0.8002 0.9443 0.3227 0.7171 0.6718 0.3869 0.9786 0.2226 0.1679 0.6042 0.6781 0.3088 0.0111 0.5063 0.7142 0.8091 0.2612 0.3765 0.1231 0.3004 0.7064 0.2602 0.4355 0.8587 0.4769 0.0138 0.3116 0.1326 0.8277 0.2015 0.1373 0.1194 0.7839 0.3816 0.0722 0.6863 0.3304 0.6384 0.9465 0.9609 0.0154 0.3771 0.7511 0.0717 0.2218 0.9650 0.9155 0.5574 0.7622 0.8375
50 50
20.1108
0.3760 0.3695 0.4522 0.1577 0.3814 0.8194 0.7874 0.6755 0.2506 0.7025 0.8104 0.3350 0.4892 0.4884 0.2321 0.8230 0.5392 0.2233 0.4074 0.3604 0.1697 0.3236 0.6436 0.0016 0.0331 0.4120 0.3166 0.1222 0.2443 0.7483 0.9706 0.1005 0.4830 0.0918 0.7052 0.8107 0.9046 0.3496 0.3556 0.7073 0.1639 0.7316 0.5531 0.4760 0.3678 0.6478 0.9297 0.5256 0.2509 0.5386
48 48
18.2685
0.8517 0.6139 0.7168 0.7861 0.1796 0.8293 0.9828 0.5428 0.0335 0.3794 0.9878 0.5492 0.0308 0.8367 0.5640 0.5101 0.3605 0.6809 0.0933 0.3681 0.8825 0.1113 0.6714 0.1389 0.0312 0.0977 0.4797 0.2586 0.1697 0.1952 0.1855 0.2540 0.8684 0.8487 0.0484 0.8946 0.6461 0.7495 0.6502 0.8079 0.1268 0.9589 0.3512 0.4282 0.2746 0.4726 0.4927 0.4749
50 50
17.8232
0.1619 0.2407 0.5257 0.6510 0.4180 0.9563 0.0204 0.0776 0.8157 0.0249 0.4248 0.7491 0.1856 0.7173 0.0628 0.4783 0.8304 0.8665 0.1337 0.6700 0.1038 0.9356 0.8321 0.8351 0.6759 0.2303 0.5858 0.5324 0.6519 0.7470 0.2621 0.0876 0.1843 0.5723 0.2231 0.0070 0.2530 0.2471 0.9645 0.2264 0.9145 0.6160 0.1659 0.3640 0.4501 0.4837 0.8869 0.9383 0.7889 0.7840
45 45
16.4090
0.3124 0.2414 0.1119 0.4075 0.1074 0.1261 0.5164 0.7947 0.6579 0.6756 0.2037 0.4953 0.0565 0.7188 0.8958 0.1772 0.7830 0.8645 0.2982 0.8942 0.3838 0.4886 0.0913 0.3128 0.9219 0.6271 0.0884 0.1161 0.9392 0.6936 0.9352 0.9810 0.3744 0.1890 0.1562 0.7580 0.8550 0.7640 0.1131 0.0958 0.7294 0.1230 0.7687 0.5621 0.5297
1 1
0.3333
0.5000
1 1
1.0000
0.0000
50 50
0.0000
0.3333 0.3333 0.3333 0.3333 0.3333 0.3333 0.3333 0.3333 0.3333 0.3333 0.3333 0.3333 0.3333 0.3333 0.3333 0.3333 0.3333 0.3333 0.3333 0.3333 0.3333 0.3333 0.3333 0.3333 0.3333 0.3333 0.3333 0.3333 0.3333 0.3333 0.3333 0.3333 0.3333 0.3333 0.3333 0.3333 0.3333 0.3333 0.3333 0.3333 0.3333 0.3333 0.3333 0.3333 0.3333 0.3333 0.3333 0.3333 0.3333 0.3333
45 45
18.4883
0.0747 0.0539 0.6666 0.5438 0.0906 0.9273 0.5290 0.4022 0.2982 0.6763 0.3910 0.8297 0.9568 0.6435 0.7465 0.0606 0.6904 0.7491 0.7510 0.2225 0.2656 0.5142 0.6495 0.8944 0.3286 0.2176 0.7516 0.8294 0.7768 0.5995 0.5084 0.0242 0.3922 0.2853 0.3163 0.3977 0.5159 0.4431 0.9429 0.4832 0.0085 0.0974 0.1284 0.7075 0.1854
46 46
20.2172
0.8958 0.9692 0.3228 0.3173 0.4432 0.5247 0.4002 0.3873 0.6695 0.2421 0.8277 0.7474 0.8665 0.0026 0.8984 0.8225 0.9745 0.6023 0.9871 0.5987 0.2049 0.0602 0.7929 0.5313 0.5867 0.0645 0.4553 0.1694 0.8521 0.1487 0.5905 0.9241 0.8041 0.7879 0.6135 0.9273 0.8685 0.1778 0.6868 0.8188 0.2031 0.6374 0.2146 0.0156 0.6410 0.0475
49 49
20.3904
0.1801 0.8967 0.7724 0.8223 0.9341 0.9772 0.4434 0.8779 0.7284 0.5637 0.1280 0.0084 0.4495 0.3455 0.7729 0.8839 0.7294 0.4918 0.6899 0.7944 0.2757 0.6377 0.1940 0.7867 0.2997 0.2263 0.5437 0.3059 0.2147 0.4963 0.3261 0.6183 0.4223 0.1748 0.2322 0.9020 0.2559 0.2672 0.5341 0.0782 0.7335 0.2009 0.4657 0.9959 0.7202 0.3103 0.5608 0.7359 0.8558
50 50
22.0106
0.6498 0.1671 0.6311 0.6918 0.5760 0.8169 0.8153 0.1705 0.4527 0.7526 0.9209 0.7300 0.9303 0.8811 0.7956 0.8447 0.7198 0.0406 0.1234 0.6894 0.5161 0.0166 0.2967 0.0820 0.4072 0.7349 0.9858 0.3442 0.2113 0.9314 0.7269 0.5441 0.3204 0.0054 0.1757 0.5518 0.7475 0.7901 0.2867 0.4437 0.0166 0.6751 0.7678 0.6459 0.7845 0.0532 0.2863 0.8810 0.6336 0.3394
46 46
19.7092
0.5339 0.2654 0.7440 0.2306 0.5073 0.1573 0.5055 0.1306 0.7479 0.0254 0.5844 0.1985 0.4460 0.7902 0.3396 0.3386 0.8327 0.9909 0.0251 0.9237 0.3235 0.7899 0.2954 0.5957 0.3087 0.3179 0.9207 0.4738 0.0171 0.6732 0.2361 0.5243 0.5080 0.4421 0.6754 0.6811 0.9522 0.8574 0.8320 0.0176 0.1798 0.6041 0.2980 0.0572 0.8150 0.0505
47 47
18.0143
0.5391 0.6549 0.7224 0.1569 0.5103 0.2514 0.3962 0.6270 0.4909 0.1646 0.2265 0.7297 0.2790 0.0641 0.1484 0.9960 0.4886 0.4897 0.5077 0.3745 0.4815 0.7443 0.9435 0.7914 0.3425 0.1097 0.3724 0.9880 0.6502 0.9054 0.8144 0.5124 0.6459 0.3262 0.3927 0.6299 0.3705 0.3849 0.6967 0.9160 0.2587 0.9318 0.4019 0.8890 0.1537 0.8084 0.6347
47 47
17.9244
0.6653 0.5052 0.4145 0.5977 0.4616 0.8240 0.2262 0.2800 0.3232 0.9610 0.3307 0.3531 0.8789 0.5894 0.3224 0.0054 0.4112 0.6635 0.6655 0.5647 0.9229 0.5492 0.4777 0.5070 0.5041 0.4030 0.1189 0.4985 0.5840 0.5948 0.0792 0.8137 0.2457 0.3779 0.0032 0.8297 0.7683 0.0642 0.8808 0.4167 0.3231 0.3491 0.2906 0.3572 0.7842 0.3216 0.0018
1 1
0.0000
1.0000
2 2
0.3333
0.0000 0.0000
45 45
21.0184
0.6874 0.4017 0.1138 0.7595 0.3902 0.6385 0.5493 0.6085 0.2088 0.5507 0.6311 0.7204 0.9814 0.2690 0.0350 0.0353 0.4804 0.1271 0.6184 0.8634 0.6438 0.9011 0.5299 0.1409 0.1591 0.1453 0.9858 0.5731 0.0820 0.4646 0.6886 0.1835 0.8441 0.8945 0.9957 0.0916 0.8856 0.1006 0.9650 0.3333 0.4999 0.3966 0.8881 0.1266 0.7431
49 49
18.8442
0.4481 0.6919 0.3839 0.9492 0.0842 0.0477 0.0758 0.0015 0.7208 0.6958 0.1356 0.0968 0.1050 0.9614 0.3248 0.1914 0.5966 0.4710 0.2320 0.5270 0.6259 0.5764 0.7564 0.5709 0.4013 0.0114 0.6561 0.0472 0.8752 0.1283 0.0570 0.6787 0.5467 0.2011 0.8304 0.8881 0.3420 0.9987 0.4006 0.8258 0.9845 0.3644 0.4591 0.9451 0.7075 0.7076 0.6172 0.2535 0.2167
48 48
20.7971
0.3293 0.2072 0.9846 0.2360 0.1302 0.4951 0.2247 0.8544 0.7950 0.0368 0.7147 0.6184 0.6852 0.7220 0.5906 0.7067 0.3155 0.7589 0.5134 0.0192 0.9084 0.1915 0.6997 0.0837 0.2026 0.0613 0.8009 0.8272 0.8405 0.4073 0.6387 0.7174 0.0902 0.4171 0.4260 0.4087 0.3937 0.6093 0.9881 0.5528 0.4883 0.4908 0.5887 0.2795 0.3012 0.9180 0.7488 0.8726
4 4
0.0001
0.0000 0.0000 0.0000 0.0000
49 49
17.4762
0.1530 0.5981 0.3475 0.9190 0.9738 0.6060 0.3216 0.1615 0.9330 0.4850 0.6858 0.2887 0.7912 0.9976 0.0062 0.5681 0.7824 0.1154 0.3980 0.1322 0.3546 0.8906 0.5856 0.6530 0.7201 0.0291 0.7900 0.6875 0.6284 0.7648 0.6838 0.0113 0.2741 0.5253 0.4433 0.7354 0.0737 0.0287 0.0653 0.7686 0.8199 0.9725 0.1686 0.9403 0.3201 0.5602 0.8869 0.7205 0.3779
48 48
19.9150
0.9100 0.6339 0.6577 0.7405 0.8843 0.2919 0.6367 0.4679 0.8734 0.0466 0.2453 0.2217 0.0389 0.7226 0.7821 0.9119 0.6120 0.3198 0.3995 0.7271 0.4253 0.6728 0.3874 0.6294 0.4325 0.3625 0.7800 0.4894 0.2435 0.0532 0.3779 0.5686 0.6739 0.0537 0.5085 0.4962 0.1189 0.3563 0.4724 0.3554 0.0967 0.2633 0.3693 0.9238 0.3698 0.0221 0.0601 0.9083
47 47
18.2411
0.1142 0.0227 0.1597 0.3979 0.4353 0.4590 0.0801 0.3089 0.5554 0.5058 0.0086 0.8373 0.6499 0.0955 0.6207 0.5394 0.9196 0.2527 0.7800 0.4934 0.1206 0.7959 0.5697 0.3051 0.9649 0.6484 0.4244 0.2547 0.6653 0.8507 0.9141 0.4717 0.6725 0.8109 0.4673 0.8114 0.6026 0.8260 0.5986 0.5865 0.9076 0.1859 0.0496 0.4145 0.9214 0.9736 0.8977
49 49
19.1573
0.0215 0.3096 0.2260 0.2212 0.4310 0.9283 0.8603 0.6623 0.7951 0.6624 0.9622 0.2729 0.1863 0.1461 0.7224 0.2782 0.4232 0.3817 0.2082 0.9175 0.0415 0.9941 0.3707 0.4939 0.5007 0.6832 0.8480 0.1932 0.8226 0.7323 0.3308 0.4616 0.6264 0.4647 0.2225 0.4473 0.5910 0.6399 0.6004 0.4297 0.1145 0.6227 0.1145 0.3907 0.5384 0.9345 0.4126 0.1771 0.6079
49 49
21.7310
0.7916 0.4698 0.1936 0.5966 0.0585 0.9561 0.5285 0.1945 0.7714 0.6218 0.1867 0.3253 0.3649 0.1000 0.1515 0.5268 0.8357 0.1525 0.7101 0.9459 0.9040 0.9455 0.0342 0.9861 0.8667 0.4688 0.0342 0.9993 0.4324 0.1795 0.0186 0.5082 0.5861 0.0473 0.5178 0.0709 0.7940 0.9133 0.6618 0.5445 0.6053 0.4499 0.5212 0.1326 0.4639 0.6030 0.0384 0.1475 0.7470
4 4
1.3999
0.8000 0.5000 0.6000 0.7000
48 48
19.7764
0.8504 0.6607 0.8371 0.2169 0.0558 0.6762 0.5109 0.3732 0.3313 0.9886 0.5022 0.4743 0.8571 0.0721 0.6771 0.2813 0.6157 0.9958 0.8618 0.1241 0.9693 0.9231 0.6878 0.6787 0.6043 0.1566 0.5490 0.3346 0.8717 0.6069 0.3726 0.6296 0.0851 0.0895 0.7926 0.7704 0.8438 0.6928 0.1231 0.7528 0.6788 0.2001 0.8336 0.0655 0.4617 0.9655 0.4904 0.3338
46 46
18.4474
0.3073 0.0578 0.3518 0.3399 0.1396 0.2540 0.3612 0.8716 0.5688 0.8704 0.5842 0.8587 0.4891 0.8313 0.9486 0.6451 0.2591 0.5742 0.7380 0.1101 0.6158 0.7032 0.2489 0.8244 0.6257 0.8424 0.3830 0.8163 0.3644 0.0788 0.5630 0.3108 0.3896 0.0197 0.1206 0.1156 0.7797 0.5967 0.1423 0.1489 0.5109 0.3342 0.4768 0.3948 0.7709 0.2066
50 50
0.0000
0.0000 0.0000 0.0000 0.0000 0.0000 0.0000 0.0000 0.0000 0.0000 0.0000 0.0000 0.0000 0.0000 0.0000 0.0000 0.0000 0.0000 0.0000 0.0000 0.0000 0.0000 0.0000 0.0000 0.0000 0.0000 0.0000 0.0000 0.0000 0.0000 0.0000 0.0000 0.0000 0.0000 0.0000 0.0000 0.0000 0.0000 0.0000 0.0000 0.0000 0.0000 0.0000 0.0000 0.0000 0.0000 0.0000 0.0000 0.0000 0.0000 0.0000
50 50
24.4915
0.7606 0.0488 0.9188 0.3785 0.5515 0.1994 0.1431 0.9323 0.1842 0.4102 0.9216 0.7696 0.2983 0.1316 0.9561 0.2101 0.4301 0.3672 0.1142 0.1216 0.5311 0.0244 0.5458 0.1799 0.2129 0.5511 0.1038 0.2530 0.6942 0.8309 0.9961 0.4715 0.5083 0.0909 0.2598 0.1194 0.6209 0.0274 0.3115 0.0135 0.8588 0.2328 0.4889 0.2110 0.4675 0.6746 0.3389 0.9834 0.0588 0.1668
49 49
18.2894
0.9032 0.2306 0.3489 0.0995 0.4464 0.9739 0.4931 0.7967 0.1089 0.7160 0.2587 0.5244 0.2967 0.8291 0.7972 0.4547 0.0168 0.6897 0.9575 0.7932 0.6070 0.1538 0.2924 0.1981 0.4621 0.8001 0.1343 0.2813 0.6950 0.0722 0.9962 0.8627 0.9429 0.1265 0.6476 0.0637 0.9237 0.7638 0.5412 0.8887 0.9533 0.0956 0.9936 0.8258 0.8607 0.2967 0.2091 0.5519 0.5311
48 48
19.9454
0.5984 0.1739 0.0711 0.9357 0.1349 0.1174 0.0905 0.3710 0.0294 0.1338 0.6085 0.4454 0.8087 0.0097 0.6103 0.5106 0.6374 0.6374 0.4777 0.2351 0.1824 0.8791 0.3995 0.4749 0.2423 0.8593 0.7653 0.6963 0.8993 0.8165 0.3486 0.5184 0.6304 0.8232 0.3270 0.2362 0.3564 0.5022 0.4311 0.2027 0.9025 0.5174 0.6165 0.1202 0.1375 0.0962 0.4012 0.5654
50 50
0.0050
0.9999 0.9999 0.9999 0.9999 0.9999 0.9999 0.9999 0.9999 0.9999 0.9999 0.9999 0.9999 0.9999 0.9999 0.9999 0.9999 0.9999 0.9999 0.9999 0.9999 0.9999 0.9999 0.9999 0.9999 0.9999 0.9999 0.9999 0.9999 0.9999 0.9999 0.9999 0.9999 0.9999 0.9999 0.9999 0.9999 0.9999 0.9999 0.9999 0.9999 0.9999 0.9999 0.9999 0.9999 0.9999 0.9999 0.9999 0.9999 0.9999 0.9999
49 49
15.9869
0.8517 0.4600 0.8793 0.1977 0.3462 0.8470 0.6537 0.9792 0.3975 0.6792 0.5414 0.5371 0.3032 0.6876 0.0512 0.9303 0.4082 0.1411 0.1220 0.3978 0.2832 0.0072 0.7220 0.7490 0.4310 0.6085 0.5543 0.2626 0.6286 0.6440 0.0700 0.9725 0.9813 0.6157 0.1548 0.8060 0.8508 0.7460 0.7461 0.6887 0.6926 0.2487 0.7778 0.6960 0.8273 0.8302 0.0563 0.7888 0.9952
49 49
18.5838
0.3927 0.5969 0.6094 0.0002 0.5763 0.1967 0.0909 0.9113 0.0725 0.8623 0.1307 0.5424 0.4094 0.1673 0.3428 0.8707 0.7294 0.3229 0.2795 0.4294 0.1708 0.7140 0.6191 0.9278 0.6355 0.5862 0.4552 0.6138 0.1542 0.3471 0.2047 0.1841 0.8906 0.1388 0.2967 0.2285 0.4154 0.1865 0.6074 0.7291 0.3343 0.4559 0.9654 0.7517 0.1382 0.7197 0.2857 0.5306 0.2511
47 47
18.6122
0.4943 0.0067 0.6778 0.2970 0.3607 0.8154 0.0989 0.0121 0.6090 0.7291 0.5389 0.7330 0.2468 0.6524 0.4212 0.7069 0.7190 0.0335 0.1463 0.4409 0.3622 0.6351 0.9065 0.1392 0.7077 0.7851 0.0630 0.4551 0.6940 0.7580 0.6704 0.1824 0.9352 0.6487 0.3993 0.4902 0.0940 0.0067 0.7481 0.8192 0.3223 0.9512 0.7781 0.0640 0.9290 0.7848 0.3600
50 50
0.0000
0.8765 0.8765 0.8765 0.8765 0.8765 0.8765 0.8765 0.8765 0.8765 0.8765 0.8765 0.8765 0.8765 0.8765 0.8765 0.8765 0.8765 0.8765 0.8765 0.8765 0.8765 0.8765 0.8765 0.8765 0.8765 0.8765 0.8765 0.8765 0.8765 0.8765 0.8765 0.8765 0.8765 0.8765 0.8765 0.8765 0.8765 0.8765 0.8765 0.8765 0.8765 0.8765 0.8765 0.8765 0.8765 0.8765 0.8765 0.8765 0.8765 0.8765
45 45
18.0291
0.2561 0.2316 0.4541 0.7911 0.5078 0.1772 0.3026 0.9636 0.3411 0.3857 0.2916 0.4123 0.8845 0.1515 0.2504 0.5317 0.4277 0.2812 0.9857 0.5448 0.2100 0.3942 0.4148 0.7346 0.2468 0.3999 0.7854 0.2925 0.3790 0.0335 0.0728 0.8773 0.3045 0.7904 0.5357 0.0819 0.2967 0.6377 0.4789 0.8549 0.1960 0.3342 0.9465 0.5600 0.5946
50 50
1.0000
0.3333 0.3333 0.3333 0.3333 0.3333 0.3333 0.3333 0.3333 0.3333 0.3333 0.3333 0.3333 0.3333 0.3333 0.3333 0.3333 0.3333 0.3333 0.3333 0.3333 0.3333 0.3333 0.3333 0.3333 0.3333 0.3333 0.3333 0.3333 0.3333 0.3333 0.3333 0.3333 0.3333 0.3333 0.3333 0.3333 0.3333 0.3333 0.3333 0.3333 0.3333 0.3333 0.3333 0.3333 0.3333 0.3333 0.3333 0.3333 0.3333 0.3333
49 49
15.0092
0.4443 0.8296 0.3288 0.4230 0.9316 0.7612 0.8065 0.3374 0.8499 0.6649 0.9128 0.5312 0.7383 0.9642 0.2946 0.7930 0.8630 0.8752 0.1867 0.5047 0.5533 0.0225 0.2228 0.1961 0.2838 0.9837 0.1510 0.7588 0.8352 0.8821 0.5329 0.3152 0.5265 0.2650 0.7702 0.7493 0.2170 0.0112 0.5165 0.1541 0.1092 0.0783 0.9072 0.4481 0.3291 0.8195 0.1540 0.9002 0.8223
50 50
0.0000
0.9999 0.9999 0.9999 0.9999 0.9999 0.9999 0.9999 0.9999 0.9999 0.9999 0.9999 0.9999 0.9999 0.9999 0.9999 0.9999 0.9999 0.9999 0.9999 0.9999 0.9999 0.9999 0.9999 0.9999 0.9999 0.9999 0.9999 0.9999 0.9999 0.9999 0.9999 0.9999 0.9999 0.9999 0.9999 0.9999 0.9999 0.9999 0.9999 0.9999 0.9999 0.9999 0.9999 0.9999 0.9999 0.9999 0.9999 0.9999 0.9999 0.9999
49 49
18.6231
0.3139 0.5011 0.7371 0.5611 0.2885 0.8031 0.9074 0.4142 0.4368 0.7260 0.7344 0.2675 0.8100 0.2264 0.4897 0.1151 0.3637 0.1442 0.1169 0.8598 0.5320 0.4635 0.0713 0.1338 0.1707 0.7580 0.8895 0.3999 0.7896 0.7073 0.5631 0.5743 0.6138 0.7311 0.9890 0.5986 0.7188 0.1373 0.6820 0.7554 0.1987 0.4612 0.6308 0.5029 0.6100 0.9895 0.3298 0.1693 0.3890
2 2
0.0000
1.0000 1.0000
46 46
17.3703
0.5206 0.2720 0.4571 0.0410 0.1450 0.7984 0.6003 0.4048 0.3640 0.1996 0.1759 0.1828 0.1496 0.2808 0.4602 0.2542 0.3836 0.9041 0.7750 0.6624 0.9329 0.1004 0.6803 0.5826 0.6739 0.1922 0.2629 0.4070 0.2718 0.0176 0.5018 0.3532 0.7868 0.6790 0.7709 0.8629 0.4952 0.9804 0.8840 0.3942 0.4069 0.1557 0.2610 0.6184 0.6436 0.0630
50 50
14.0696
0.6001 0.9714 0.4868 0.6958 0.3400 0.1573 0.0332 0.6412 0.4957 0.5257 0.7873 0.5668 0.8156 0.1019 0.2458 0.9379 0.8273 0.1641 0.2164 0.8405 0.0902 0.7475 0.8308 0.4184 0.6490 0.1101 0.8178 0.2255 0.5070 0.9984 0.9166 0.6558 0.9009 0.8522 0.7421 0.9896 0.6608 0.5428 0.4460 0.6693 0.2795 0.8881 0.5655 0.5957 0.6165 0.4302 0.2443 0.9883 0.2607 0.9755
48 48
19.3351
0.8330 0.0356 0.4183 0.6285 0.4356 0.6958 0.9804 0.4855 0.7826 0.8109 0.7010 0.6265 0.8141 0.6448 0.7944 0.0765 0.1005 0.2826 0.0910 0.6893 0.0637 0.6139 0.5123 0.7560 0.0575 0.8465 0.5108 0.4529 0.9352 0.6005 0.9275 0.8089 0.1383 0.7572 0.5185 0.0354 0.4229 0.6900 0.4275 0.0542 0.9275 0.2401 0.6991 0.2692 0.1458 0.1856 0.3899 0.2069
2 2
0.3333
0.5000 0.5000
50 50
16.8842
0.4992 0.7826 0.5476 0.7001 0.8684 0.4480 0.8157 0.9420 0.4474 0.1437 0.2634 0.8604 0.9084 0.2358 0.0045 0.6738 0.2291 0.3332 0.2416 0.8301 0.3937 0.8327 0.2056 0.7501 0.4931 0.2522 0.8872 0.9867 0.4610 0.9419 0.6697 0.9956 0.6749 0.2903 0.7902 0.9466 0.6057 0.7942 0.9319 0.9528 0.9849 0.3255 0.4946 0.8957 0.1591 0.7320 0.1164 0.2430 0.4736 0.3115
50 50
17.0819
0.6547 0.7831 0.6071 0.7161 0.1575 0.9905 0.4909 0.4633 0.6586 0.9075 0.8546 0.6316 0.5268 0.4851 0.7206 0.4106 0.3467 0.4088 0.5401 0.1899 0.2308 0.2305 0.8227 0.3164 0.1960 0.3996 0.7455 0.3135 0.5900 0.3781 0.8580 0.2327 0.5437 0.1568 0.8283 0.9568 0.3627 0.0817 0.8725 0.5382 0.9920 0.4284 0.0200 0.4123 0.7517 0.2776 0.5587 0.6470 0.4952 0.5232
47 47
2.2784
0.6506 0.1902 0.1539 0.7511 0.9042 0.1277 0.4354 0.7958 0.8840 0.4923 0.8193 0.6483 0.8489 0.7586 0.6587 0.8156 0.3635 0.6641 0.0239 0.4495 0.9963 0.6562 0.9460 0.3553 0.9056 0.1028 0.1664 0.1370 0.2816 0.8278 0.1637 0.2346 0.8419 0.5550 0.7939 0.3084 0.9917 0.3364 0.1427 0.1305 0.0708 0.1005 0.9770 0.3204 0.1259 0.6852 0.5519
45 45
18.4034
0.8851 0.1800 0.4610 0.1075 0.8385 0.6957 0.3649 0.4084 0.9850 0.8587 0.6931 0.6807 0.1681 0.4057 0.2879 0.9892 0.0355 0.0221 0.6138 0.5347 0.0411 0.7164 0.7943 0.1591 0.9988 0.0770 0.1062 0.0536 0.2558 0.9022 0.8277 0.4569 0.1561 0.6596 0.7202 0.8348 0.4876 0.1578 0.2081 0.6872 0.3149 0.0148 0.9566 0.6723 0.4677
50 50
14.6387
0.2465 0.1654 0.2716 0.7557 0.8541 0.8586 0.0874 0.1029 0.5665 0.9247 0.9493 0.8362 0.3657 0.7058 0.6147 0.4575 0.7847 0.2810 0.3208 0.1243 0.7126 0.3682 0.8765 0.9292 0.9320 0.9352 0.0917 0.9922 0.8159 0.3803 0.5109 0.5200 0.7244 0.4015 0.6149 0.6908 0.6517 0.2713 0.6154 0.1137 0.6226 0.9800 0.2898 0.8669 0.2835 0.9916 0.7511 0.1567 0.8114 0.1638
48 48
17.7572
0.1769 0.2899 0.9321 0.4691 0.0234 0.3688 0.6526 0.6654 0.3947 0.6255 0.5973 0.7090 0.3077 0.0683 0.0631 0.8854 0.9553 0.5950 0.9910 0.2978 0.7157 0.0002 0.5387 0.5180 0.1360 0.9579 0.4896 0.2312 0.2913 0.8099 0.2459 0.9872 0.5820 0.3749 0.3896 0.0792 0.2757 0.9241 0.4630 0.7922 0.3843 0.0221 0.3749 0.5602 0.4688 0.6188 0.3583 0.5144
47 47
20.0715
0.5995 0.7635 0.8156 0.4090 0.9118 0.4438 0.1128 0.1875 0.7896 0.4054 0.4443 0.5217 0.2928 0.1719 0.1934 0.6761 0.0311 0.7310 0.1925 0.7374 0.9391 0.5078 0.4052 0.8807 0.7144 0.3422 0.6853 0.0726 0.1846 0.2702 0.5492 0.9254 0.1528 0.3627 0.0965 0.3172 0.9436 0.1595 0.4286 0.6288 0.8673 0.1123 0.6570 0.4724 0.6531 0.3570 0.5766
46 46
20.8506
0.3136 0.5539 0.4151 0.0698 0.8165 0.2078 0.5864 0.5334 0.6092 0.1297 0.1911 0.6873 0.1694 0.4850 0.2771 0.6074 0.9457 0.4500 0.0841 0.0285 0.7536 0.6869 0.6922 0.8147 0.5346 0.2245 0.8546 0.7481 0.3708 0.2856 0.8338 0.1917 0.4971 0.5918 0.3787 0.0164 0.4030 0.4697 0.9945 0.7949 0.8558 0.6096 0.7251 0.1088 0.9770 0.6158
50 50
0.0049
0.9999 0.9999 0.9999 0.9999 0.9999 0.9999 0.9999 0.9999 0.9999 0.9999 0.9999 0.9999 0.9999 0.9999 0.9999 0.9999 0.9999 0.9999 0.9999 0.9999 0.9999 0.9999 0.9999 0.9999 0.9999 0.9999 0.9999 0.9999 0.9999 0.9999 0.9999 0.9999 0.9999 0.9999 0.9999 0.9999 0.9999 0.9999 0.9999 0.9999 0.9999 0.9999 0.9999 0.9999 0.9999 0.9999 0.9999 0.9999 0.9999 0.9999
2 2
0.5000
0.5000 0.5000
49 49
15.9940
0.7737 0.4136 0.7322 0.0887 0.6128 0.8102 0.8187 0.6760 0.6900 0.6643 0.0985 0.3895 0.5033 0.0537 0.6123 0.7151 0.2904 0.5952 0.9130 0.2905 0.9377 0.7078 0.8365 0.2660 0.3413 0.0669 0.2382 0.0005 0.1460 0.2395 0.4295 0.9039 0.2085 0.3278 0.4178 0.9843 0.4047 0.8964 0.2402 0.8506 0.8804 0.2486 0.3273 0.7770 0.9738 0.6020 0.8349 0.5640 0.0263
50 50
21.4414
0.9608 0.0166 0.9893 0.4395 0.0940 0.9846 0.8895 0.7866 0.9947 0.8078 0.2880 0.9193 0.4476 0.1514 0.8547 0.5195 0.2433 0.1971 0.2117 0.7923 0.8708 0.7367 0.5860 0.6948 0.6666 0.6607 0.7317 0.9851 0.5960 0.3387 0.5708 0.4434 0.1154 0.5968 0.0348 0.0711 0.8332 0.5915 0.5667 0.0100 0.4693 0.2779 0.8305 0.7948 0.1595 0.0453 0.9297 0.6368 0.2456 0.9336
50 50
14.3845
0.6323 0.9998 0.7852 0.7364 0.0831 0.9970 0.7320 0.5468 0.6942 0.8668 0.5446 0.6945 0.9961 0.2933 0.3544 0.5610 0.3825 0.6568 0.6489 0.0564 0.1364 0.7819 0.6819 0.3034 0.7418 0.5220 0.9188 0.3042 0.4591 0.3003 0.6884 0.8454 0.7913 0.6610 0.4695 0.5256 0.0335 0.3552 0.1241 0.7121 0.9165 0.8636 0.5712 0.2554 0.4967 0.9546 0.7377 0.1705 0.8249 0.3186
1 1
0.3333
0.0000
47 47
20.0121
0.6121 0.5530 0.7949 0.9192 0.4833 0.1533 0.4836 0.8186 0.0275 0.7487 0.5609 0.5476 0.8749 0.0087 0.2099 0.1676 0.1710 0.4282 0.6615 0.4060 0.3509 0.9355 0.0504 0.0482 0.7429 0.1616 0.2477 0.6513 0.2035 0.1031 0.1401 0.0042 0.5319 0.8460 0.1947 0.0758 0.2785 0.9143 0.3587 0.7715 0.6911 0.8406 0.5045 0.8957 0.1851 0.4152 0.2251
