100
6 4 5 1
7 7 8 8
2 2 2 2
3 7 5 5
1 4 3 4
1 10000 9999 9999
1122 2179 1691 1937
3953 6384 5020 3991
1598 2530 2312 2450
10000 10000 10000 10000
1821 3816 2724 2610
1000 9000 1001 999
1 9999 9998 9999
9000 10000 9750 9500
2923 4835 3853 3368
110 2321 1563 1446
1396 3246 2663 2295
1 10000 5000 4999
9996 10000 9997 9996
1000 9000 999 1001
2914 3029 3009 3005
940 976 976 956
7631 9195 7655 8680
6801 7178 6882 6847
4008 8793 4064 4026
731 731 731 731
5603 7454 6351 6691
1507 2170 1924 1824
1 9999 3 2
3664 5824 5297 5101
1 9999 5000 5001
4300 7420 5610 4468
356 2045 1296 1384
1 10000 2 2
1 10000 7499 5000
9000 10000 9251 9500
2291 3616 3412 3308
3140 8633 6852 7312
140 5240 2370 1180
774 9499 6147 4025
1 10000 2501 5000
9000 10000 9749 9500
1 9999 2 1
3119 9385 3864 4083
4681 5492 4880 5116
541 1457 1303 1279
1384 7806 6436 4691
4708 5772 4922 5173
1006 2165 1797 1650
1820 6723 3541 3587
4052 9116 7219 8828
6543 8300 7900 7575
1536 8379 1648 1653
1815 8355 7234 7747
817 5191 2766 4329
9000 10000 9250 9500
815 848 843 846
1 10000 5000 5000
1736 5281 4216 3690
7777 7777 7777 7777
2297 3276 2808 2991
383 1029 863 830
9999 10000 9999 10000
1184 2332 1759 1509
1 10000 7500 5000
2353 9456 7535 5510
1 10000 9998 9999
3760 5710 4390 4790
1 9999 5000 9998
1 9999 5000 5000
1548 4594 3155 2085
156 268 221 194
1818 6461 6454 6459
180 319 244 237
1 10000 2502 5000
259 1334 810 1242
124 4283 3305 3190
1 10000 9998 9998
5181 6719 6084 6084
1649 2498 2042 2343
1000 9000 9001 8999
5130 5334 5291 5211
1 10000 9999 9998
1 10000 2500 5000
2507 6294 4741 5796
2213 5297 2945 2247
1320 2675 2022 2356
999 2853 2198 2836
6737 8765 7312 7695
5392 7971 6557 5568
10000 1 5000 5000
1883 4369 4016 2432
3122 4116 4055 3887
1924 7344 5049 4568
48 106 75 96
2756 7080 6053 6135
1 9999 4 3
1840 8625 6254 2130
1889 2445 2402 2430
1000 9000 8999 9001
